x      z      y         vx       vz      vy
[0.0, 0.0, 1.65][44.90531469491391, 0.050414575324938364, -0.490694097426827]
[0.4499828653788771, 0.0, 1.6460730590257315][44.81249708893142, 0.09989795494516038, -0.588694097426827]
[0.8990360123280162, 0.0005041457532493837, 1.6411661180514632][44.71983149901637, 0.14817662998557626, -0.686694097426827]
[1.3471609832173304, 0.0015031253027009877, 1.6352791770771948][44.627315742309825, 0.1949634979260067, -0.7846940974268269]
[1.794359298207494, 0.00298489160255675, 1.6284122361029265][44.53494767331975, 0.23996131552493766, -0.8826940974268269]
[2.2406324556305925, 0.004934526581816817, 1.6205652951286582][44.44272518309437, 0.28286666662364035, -0.9806940974268269]
[2.68598193236379, 0.007334139737066194, 1.61173835415439][44.35064619829935, 0.3233743607862447, -1.0786940974268269]
[3.130409184194734, 0.010162806403302596, 1.6019314131801217][44.25870868024095, 0.3611821621342054, -1.176694097426827]
[3.5739156461777273, 0.013396550011165043, 1.5911444722058534][44.16691062388512, 0.39599573404908206, -1.274694097426827]
[4.016502732980137, 0.017008371632507097, 1.5793775312315852][44.07525005692887, 0.4275336751795997, -1.3726940974268271]
[4.458171839218989, 0.020968328972997916, 1.566630590257317][43.98372503898293, 0.4555325158141895, -1.4706940974268272]
[4.898924339788278, 0.025243665724793914, 1.5529036492830488][43.892333660924656, 0.4797515414513191, -1.5686940974268273]
[5.338761590178107, 0.02979899088293581, 1.5381967083087806][43.80107404447606, 0.49997731245395477, -1.6666940974268274]
[5.777684926787353, 0.034596506297449, 1.5225097673345123][43.7099443420541, 0.5160277549965742, -1.7646940974268275]
[6.215695667232114, 0.03959627942198855, 1.505842826360244][43.61894273692904, 0.5277557089359017, -1.8626940974268276]
[6.652795110652655, 0.0447565569719543, 1.4881958853859756][43.528067443712615, 0.535051832445238, -1.9606940974268277]
[7.088984538021946, 0.05003411406131331, 1.4695689444117073][43.43731670918107, 0.5378467807955424, -2.0586940974268275]
[7.524265212459072, 0.05538463238576569, 1.449962003437439][43.34668881342076, 0.5361125969721868, -2.1566940974268274]
[7.958638379550883, 0.060763100193721116, 1.4293750624631707][43.256182071266096, 0.5298632742121291, -2.2546940974268272]
[8.392105267685091, 0.06612422616344299, 1.4078081214889024][43.16579483398317, 0.5191544742837312, -2.352694097426827]
[8.824667088397751, 0.07142285890556428, 1.3852611805146342][43.075525491138215, 0.5040824096133003, -2.450694097426827]
[9.256325036737582, 0.0766144036484016, 1.361734239540366][42.985372472578845, 0.4847819213715419, -2.548694097426827]
[9.687080291648964, 0.0816552277445346, 1.3372272985660978][42.89533425044941, 0.4614238085623107, -2.6466940974268267]
[10.116934016374753, 0.08650304695825002, 1.3117403575918296][42.80540934115922, 0.43421148423749323, -2.7446940974268266]
[10.545887358879247, 0.09111728504387313, 1.2852734166175614][42.71559630722494, 0.4033770534949498, -2.8426940974268264]
[10.97394145229084, 0.09545939988624806, 1.257826475643293][42.6258937589153, 0.36917692329315954, -2.9406940974268263]
[11.40109741536309, 0.09949317042119755, 1.2293995346690247][42.53630035563711, 0.3318870658429399, -3.038694097426826]
[11.827356352952243, 0.10318493965412916, 1.1999925936947564][42.44681480701573, 0.2917980650516136, -3.136694097426826]
[12.252719356508614, 0.10650381031255855, 1.169605652720488][42.35743587363923, 0.24921007898093905, -3.234694097426826]
[12.677187504578772, 0.1094217909630747, 1.1382387117462198][42.26816236745282, 0.2044278504710711, -3.3326940974268258]
[13.100761863315164, 0.11191389175288409, 1.1058917707719516][42.17899315180685, 0.15775589306560261, -3.4306940974268256]
[13.523443486989692, 0.1139581702575948, 1.0725648297976833][42.089927141177796, 0.10949397038253958, -3.5286940974268255]
[13.94523341850776, 0.11553572918825084, 1.038257888823415][42.000963300594634, 0.05993297448647122, -3.6266940974268254]
[14.366132689919539, 0.11663066889207623, 1.0029709478491469][41.91210064481388, 0.009351293125179946, -3.7246940974268252]
[14.786142322925485, 0.11722999863694093, 0.9667040068748786][41.82333823729338, -0.04198826249978236, -3.822694097426825]
[15.205263329373624, 0.11732351156819273, 0.9294570659006103][41.73467518901843, -0.09384091777326484, -3.920694097426825]
[15.623496711746558, 0.1169036289431949, 0.891230124926342][41.64611065723395, -0.14598175196145236, -4.018694097426825]
[16.040843463636744, 0.11596521976546226, 0.8520231839520738][41.55764384413283, -0.19820686362816525, -4.116694097426825]
[16.457304570209082, 0.11450540224584774, 0.8118362429778055][41.469273995545336, -0.2503338960255575, -4.2146940974268245]
[16.87288100865041, 0.11252333360956608, 0.7706693020035373][41.38100039966608, -0.3022019541337355, -4.312694097426824]
[17.287573748605862, 0.1100199946493105, 0.728522361029269][41.292822385846726, -0.35367096300900425, -4.410694097426824]
[17.701383752602524, 0.10699797510797315, 0.6853954200550008][41.20473932347267, -0.40462053265970405, -4.508694097426824]
[18.114311976460993, 0.1034612654778831, 0.6412884790807325][41.11675062093304, -0.454948407314912, -4.606694097426824]
