  0.0000   0.0000   0.0000   0.0000   0.0000   0.0000   0.0000   0.0000   0.0000   0.0000   0.0000   0.0000   0.0000   0.0000   0.0000   0.0000   0.0000   0.0000   0.0000   0.0000   0.0000   0.0000   0.0000   0.0000   0.0000   0.0000   0.0000   0.0000   0.0000   0.0000   0.0000
  0.0000   0.0000   0.0000   0.0000   0.0000   0.0000   0.0001   0.0002   0.0003   0.0006   0.0010   0.0015   0.0021   0.0026   0.0031   0.0034   0.0036   0.0036   0.0034   0.0031   0.0026   0.0021   0.0017   0.0012   0.0009   0.0006   0.0004   0.0003   0.0002   0.0001   0.0000
  0.0000   0.0000   0.0000   0.0000   0.0000   0.0001   0.0003   0.0006   0.0011   0.0020   0.0032   0.0046   0.0060   0.0075   0.0087   0.0095   0.0099   0.0098   0.0092   0.0082   0.0070   0.0056   0.0044   0.0033   0.0023   0.0016   0.0011   0.0007   0.0004   0.0002   0.0000
  0.0000   0.0000   0.0000   0.0000   0.0001   0.0003   0.0008   0.0016   0.0030   0.0051   0.0077   0.0108   0.0140   0.0170   0.0194   0.0210   0.0216   0.0210   0.0195   0.0172   0.0145   0.0117   0.0090   0.0067   0.0047   0.0032   0.0022   0.0014   0.0008   0.0004   0.0000
  0.0000   0.0000   0.0000   0.0001   0.0003   0.0009   0.0020   0.0039   0.0069   0.0112   0.0166   0.0227   0.0289   0.0345   0.0388   0.0414   0.0420   0.0405   0.0373   0.0326   0.0272   0.0217   0.0165   0.0121   0.0086   0.0058   0.0039   0.0025   0.0015   0.0007   0.0000
  0.0000   0.0000   0.0001   0.0003   0.0008   0.0020   0.0043   0.0082   0.0141   0.0222   0.0321   0.0433   0.0543   0.0640   0.0711   0.0750   0.0754   0.0721   0.0657   0.0569   0.0470   0.0370   0.0280   0.0203   0.0142   0.0097   0.0063   0.0040   0.0024   0.0011   0.0000
  0.0000   0.0001   0.0002   0.0007   0.0018   0.0041   0.0083   0.0153   0.0258   0.0398   0.0570   0.0759   0.0944   0.1101   0.1212   0.1268   0.1264   0.1200   0.1084   0.0930   0.0758   0.0590   0.0441   0.0317   0.0220   0.0148   0.0097   0.0061   0.0036   0.0017   0.0000
  0.0000   0.0001   0.0005   0.0014   0.0034   0.0074   0.0144   0.0259   0.0428   0.0656   0.0934   0.1239   0.1533   0.1775   0.1939   0.2014   0.1995   0.1884   0.1689   0.1432   0.1151   0.0883   0.0650   0.0461   0.0317   0.0212   0.0138   0.0086   0.0050   0.0024   0.0000
  0.0000   0.0003   0.0009   0.0024   0.0056   0.0117   0.0225   0.0398   0.0651   0.0995   0.1421   0.1894   0.2348   0.2706   0.2935   0.3030   0.2991   0.2815   0.2505   0.2092   0.1649   0.1240   0.0897   0.0628   0.0427   0.0283   0.0182   0.0114   0.0066   0.0031   0.0000
  0.0000   0.0004   0.0014   0.0036   0.0082   0.0169   0.0317   0.0554   0.0906   0.1393   0.2015   0.2732   0.3429   0.3937   0.4237   0.4349   0.4285   0.4032   0.3568   0.2913   0.2232   0.1634   0.1156   0.0795   0.0534   0.0351   0.0225   0.0140   0.0081   0.0038   0.0000
  0.0000   0.0006   0.0020   0.0050   0.0109   0.0218   0.0404   0.0701   0.1149   0.1791   0.2658   0.3732   0.4842   0.5518   0.5865   0.5981   0.5900   0.5587   0.4947   0.3877   0.2842   0.2007   0.1382   0.0933   0.0619   0.0403   0.0257   0.0159   0.0092   0.0043   0.0000
  0.0000   0.0008   0.0025   0.0060   0.0128   0.0251   0.0460   0.0794   0.1309   0.2080   0.3208   0.4804   0.6783   0.7521   0.7813   0.7899   0.7831   0.7557   0.6841   0.4898   0.3344   0.2252   0.1505   0.0998   0.0654   0.0424   0.0270   0.0167   0.0097   0.0045   0.0000
  0.0000   0.0010   0.0028   0.0065   0.0134   0.0257   0.0462   0.0791   0.1303   0.2098   0.3365   0.5548   1.0000   1.0000   1.0000   1.0000   1.0000   1.0000   1.0000   0.5590   0.3449   0.2219   0.1449   0.0950   0.0620   0.0401   0.0256   0.0159   0.0092   0.0043   0.0000
  0.0000   0.0010   0.0027   0.0061   0.0122   0.0226   0.0397   0.0664   0.1075   0.1699   0.2642   0.4031   0.5811   0.6391   0.6583   0.6628   0.6580   0.6386   0.5807   0.4046   0.2683   0.1767   0.1165   0.0768   0.0506   0.0330   0.0213   0.0134   0.0078   0.0037   0.0000
  0.0000   0.0008   0.0023   0.0048   0.0091   0.0161   0.0268   0.0429   0.0663   0.1003   0.1484   0.2121   0.2809   0.3157   0.3299   0.3333   0.3293   0.3148   0.2798   0.2116   0.1489   0.1021   0.0696   0.0473   0.0321   0.0217   0.0144   0.0093   0.0056   0.0026   0.0000
  0.0000   0.0006   0.0014   0.0028   0.0047   0.0071   0.0098   0.0125   0.0146   0.0158   0.0156   0.0143   0.0125   0.0109   0.0099   0.0094   0.0094   0.0099   0.0109   0.0123   0.0131   0.0132   0.0124   0.0110   0.0093   0.0075   0.0057   0.0041   0.0027   0.0013   0.0000
  0.0000   0.0002   0.0004   0.0004  -0.0004  -0.0029  -0.0084  -0.0194  -0.0388  -0.0706  -0.1192  -0.1859  -0.2588  -0.2967  -0.3126  -0.3170  -0.3130  -0.2975  -0.2604  -0.1890  -0.1243  -0.0772  -0.0460  -0.0263  -0.0144  -0.0074  -0.0035  -0.0015  -0.0005  -0.0001   0.0000
  0.0000  -0.0001  -0.0006  -0.0020  -0.0053  -0.0120  -0.0247  -0.0471  -0.0847  -0.1455  -0.2407  -0.3835  -0.5674  -0.6280  -0.6483  -0.6533  -0.6485  -0.6284  -0.5686  -0.3875  -0.2481  -0.1557  -0.0965  -0.0589  -0.0354  -0.0209  -0.0120  -0.0067  -0.0035  -0.0015   0.0000
  0.0000  -0.0005  -0.0015  -0.0039  -0.0090  -0.0187  -0.0362  -0.0659  -0.1147  -0.1930  -0.3208  -0.5437  -1.0000  -1.0000  -1.0000  -1.0000  -1.0000  -1.0000  -1.0000  -0.5490  -0.3309  -0.2067  -0.1303  -0.0818  -0.0508  -0.0311  -0.0187  -0.0109  -0.0060  -0.0027   0.0000
  0.0000  -0.0007  -0.0021  -0.0052  -0.0112  -0.0223  -0.0416  -0.0734  -0.1235  -0.1999  -0.3133  -0.4751  -0.6766  -0.7515  -0.7812  -0.7899  -0.7830  -0.7552  -0.6823  -0.4848  -0.3271  -0.2171  -0.1424  -0.0923  -0.0590  -0.0371  -0.0229  -0.0137  -0.0077  -0.0035   0.0000
  0.0000  -0.0008  -0.0024  -0.0056  -0.0118  -0.0228  -0.0415  -0.0712  -0.1160  -0.1803  -0.2676  -0.3761  -0.4885  -0.5569  -0.5920  -0.6037  -0.5953  -0.5635  -0.4983  -0.3897  -0.2848  -0.2002  -0.1371  -0.0919  -0.0604  -0.0390  -0.0246  -0.0150  -0.0086  -0.0040   0.0000
  0.0000  -0.0008  -0.0024  -0.0054  -0.0111  -0.0211  -0.0374  -0.0626  -0.0992  -0.1493  -0.2128  -0.2856  -0.3564  -0.4080  -0.4383  -0.4495  -0.4426  -0.4165  -0.3689  -0.3018  -0.2321  -0.1706  -0.1213  -0.0839  -0.0567  -0.0375  -0.0241  -0.0150  -0.0087  -0.0041   0.0000
  0.0000  -0.0008  -0.0021  -0.0048  -0.0096  -0.0179  -0.0313  -0.0513  -0.0794  -0.1164  -0.1614  -0.2106  -0.2576  -0.2944  -0.3178  -0.3273  -0.3227  -0.3038  -0.2712  -0.2278  -0.1812  -0.1379  -0.1011  -0.0719  -0.0498  -0.0336  -0.0221  -0.0140  -0.0083  -0.0039   0.0000
  0.0000  -0.0006  -0.0018  -0.0039  -0.0078  -0.0143  -0.0246  -0.0396  -0.0603  -0.0868  -0.1179  -0.1513  -0.1830  -0.2087  -0.2259  -0.2334  -0.2307  -0.2181  -0.1964  -0.1680  -0.1370  -0.1070  -0.0805  -0.0587  -0.0415  -0.0286  -0.0192  -0.0124  -0.0074  -0.0035   0.0000
  0.0000  -0.0005  -0.0014  -0.0031  -0.0060  -0.0108  -0.0184  -0.0292  -0.0439  -0.0623  -0.0835  -0.1060  -0.1274  -0.1451  -0.1573  -0.1630  -0.1618  -0.1538  -0.1397  -0.1212  -0.1007  -0.0803  -0.0617  -0.0459  -0.0331  -0.0233  -0.0159  -0.0104  -0.0063  -0.0030   0.0000
  0.0000  -0.0004  -0.0010  -0.0022  -0.0044  -0.0078  -0.0131  -0.0207  -0.0308  -0.0432  -0.0574  -0.0724  -0.0867  -0.0987  -0.1072  -0.1115  -0.1111  -0.1062  -0.0973  -0.0855  -0.0720  -0.0584  -0.0457  -0.0346  -0.0254  -0.0182  -0.0126  -0.0083  -0.0051  -0.0025   0.0000
  0.0000  -0.0003  -0.0007  -0.0016  -0.0030  -0.0054  -0.0090  -0.0141  -0.0208  -0.0290  -0.0383  -0.0481  -0.0575  -0.0655  -0.0713  -0.0744  -0.0745  -0.0716  -0.0661  -0.0586  -0.0500  -0.0411  -0.0327  -0.0251  -0.0187  -0.0136  -0.0095  -0.0064  -0.0039  -0.0019   0.0000
  0.0000  -0.0002  -0.0005  -0.0011  -0.0020  -0.0036  -0.0059  -0.0092  -0.0135  -0.0187  -0.0246  -0.0308  -0.0368  -0.0419  -0.0457  -0.0478  -0.0481  -0.0465  -0.0432  -0.0387  -0.0333  -0.0277  -0.0223  -0.0174  -0.0131  -0.0096  -0.0068  -0.0046  -0.0029  -0.0014   0.0000
  0.0000  -0.0001  -0.0003  -0.0007  -0.0012  -0.0022  -0.0036  -0.0055  -0.0081  -0.0112  -0.0146  -0.0183  -0.0218  -0.0249  -0.0272  -0.0285  -0.0288  -0.0279  -0.0261  -0.0235  -0.0204  -0.0171  -0.0139  -0.0110  -0.0084  -0.0062  -0.0044  -0.0030  -0.0019  -0.0009   0.0000
  0.0000  -0.0001  -0.0002  -0.0003  -0.0006  -0.0011  -0.0017  -0.0027  -0.0039  -0.0053  -0.0069  -0.0087  -0.0103  -0.0118  -0.0128  -0.0135  -0.0136  -0.0133  -0.0124  -0.0113  -0.0098  -0.0083  -0.0068  -0.0054  -0.0041  -0.0031  -0.0022  -0.0015  -0.0010  -0.0005   0.0000
  0.0000   0.0000   0.0000   0.0000   0.0000   0.0000   0.0000   0.0000   0.0000   0.0000   0.0000   0.0000   0.0000   0.0000   0.0000   0.0000   0.0000   0.0000   0.0000   0.0000   0.0000   0.0000   0.0000   0.0000   0.0000   0.0000   0.0000   0.0000   0.0000   0.0000   0.0000
