   0.00000000       0.00000000       0.00000000       0.00000000       0.00000000       0.00000000       0.00000000       0.00000000       0.00000000       0.00000000       0.00000000       0.00000000       0.00000000       0.00000000       0.00000000       0.00000000       0.00000000       0.00000000       0.00000000       0.00000000       0.00000000       0.00000000       0.00000000       0.00000000       0.00000000       0.00000000       0.00000000       0.00000000       0.00000000       0.00000000       0.00000000    
   0.00000000       0.00000000       8.01983333E-08   9.19306444E-07   5.37738288E-06   2.13878666E-05   6.50369402E-05   1.61204705E-04   3.39172024E-04   6.23000728E-04   1.02004479E-03   1.51303899E-03   2.05996330E-03   2.60184519E-03   3.07470071E-03   3.42106167E-03   3.59906699E-03   3.58912908E-03   3.39780096E-03   3.05707031E-03   2.61753611E-03   2.13668589E-03   1.66656286E-03   1.24518224E-03   8.93538876E-04   6.17342710E-04   4.11240442E-04   2.63263762E-04   1.57943112E-04   7.73463980E-05   0.00000000    
   0.00000000       8.01983333E-08   1.02730246E-06   6.64461004E-06   2.89786349E-05   9.59619574E-05   2.57532054E-04   5.83680929E-04   1.14944740E-03   2.00836291E-03   3.16391303E-03   4.55256365E-03   6.04803534E-03   7.48593733E-03   8.69737472E-03   9.53849871E-03   9.91153903E-03   9.77904536E-03   9.17151291E-03   8.18392634E-03   6.95657963E-03   5.64322574E-03   4.37879190E-03   3.25835589E-03   2.33135396E-03   1.60776486E-03   1.06995436E-03   6.84412604E-04   4.09751548E-04   1.99507951E-04   0.00000000    
   0.00000000       9.05940055E-07   6.55462554E-06   3.09887546E-05   1.10666289E-04   3.19172192E-04   7.74995482E-04   1.63027260E-03   3.03363777E-03   5.07336529E-03   7.72138592E-03   1.08052297E-02   1.40267443E-02   1.70238651E-02   1.94469430E-02   2.10171584E-02   2.15611253E-02   2.10319608E-02   1.95209961E-02   1.72497742E-02   1.45284822E-02   1.16853341E-02   8.99757352E-03   6.65078731E-03   4.73240530E-03   3.24932486E-03   2.15497776E-03   1.37415878E-03   8.19234352E-04   3.95931129E-04   0.00000000    
   0.00000000       5.15930697E-06   2.78585831E-05   1.07888402E-04   3.34935205E-04   8.72230274E-04   1.96221750E-03   3.89502337E-03   6.93179201E-03   1.11971982E-02   1.65789835E-02   2.26842146E-02   2.88897343E-02   3.44807617E-02   3.88114527E-02   4.14047502E-02   4.19929177E-02   4.05387543E-02   3.72549966E-02   3.25967818E-02   2.71843243E-02   2.16550771E-02   1.65248495E-02   1.21169100E-02   8.56269524E-03   5.84598770E-03   3.85916652E-03   2.45055743E-03   1.45362690E-03   6.97127252E-04   0.00000000    
   0.00000000       1.97551690E-05   8.88938957E-05   2.99991225E-04   8.41091154E-04   2.02915864E-03   4.30773711E-03   8.18116963E-03   1.40764909E-02   2.21570395E-02   3.21482904E-02   4.32623997E-02   5.43021560E-02   6.39523342E-02   7.11138248E-02   7.50489384E-02   7.53889158E-02   7.21334368E-02   6.56937510E-02   5.69182970E-02   4.69714478E-02   3.70215327E-02   2.79658586E-02   2.03194097E-02   1.42468512E-02   9.66389291E-03   6.34592585E-03   4.01095208E-03   2.36694305E-03   1.12683838E-03   0.00000000    
   0.00000000       5.72003664E-05   2.27353259E-04   6.94563962E-04   1.80460594E-03   4.10850719E-03   8.34673364E-03   1.53369121E-02   2.57526636E-02   3.98221612E-02   5.70269190E-02   7.59407133E-02   9.43918824E-02  0.110053919      0.121184580      0.126768887      0.126364857      0.120023996      0.108408846       9.29709449E-02   7.58228004E-02   5.90309426E-02   4.40709144E-02   3.16867940E-02   2.20206454E-02   1.48298945E-02   9.68267769E-03   6.09045196E-03   3.57606867E-03   1.69112161E-03   0.00000000    
   0.00000000       1.33492969E-04   4.85467142E-04   1.37691782E-03   3.37576703E-03   7.35212769E-03   1.44493170E-02   2.59240270E-02   4.28325459E-02   6.55767024E-02   9.33812857E-02  0.123892352      0.153295889      0.177472219      0.193871379      0.201359853      0.199537188      0.188449830      0.168907955      0.143171623      0.115087822       8.82553607E-02   6.49622977E-02   4.61363234E-02   3.17400619E-02   2.12068036E-02   1.37626315E-02   8.61492287E-03   5.03457338E-03   2.36674957E-03   0.00000000    
   0.00000000       2.61201465E-04   8.89157818E-04   2.38216529E-03   5.58250723E-03   1.17483456E-02   2.25244444E-02   3.97588983E-02   6.51230216E-02   9.94947851E-02  0.142081216      0.189402550      0.234838754      0.270618737      0.293540925      0.303046942      0.299097836      0.281472027      0.250499070      0.209156230      0.164898351      0.123987570       8.96699652E-02   6.27606586E-02   4.26857248E-02   2.82770172E-02   1.82376262E-02   1.13633871E-02   6.61298260E-03   3.09293158E-03   0.00000000    
   0.00000000       4.39640076E-04   1.42226205E-03   3.64207686E-03   8.23196582E-03   1.68606192E-02   3.17320898E-02   5.54415286E-02   9.06285048E-02  0.139299408      0.201534435      0.273181885      0.342925340      0.393733382      0.423686475      0.434920579      0.428482711      0.403193682      0.356845915      0.291301608      0.223241508      0.163442537      0.115619577       7.95499086E-02   5.34282401E-02   3.50828879E-02   2.24939045E-02   1.39592197E-02   8.09626002E-03   3.77106899E-03   0.00000000    
   0.00000000       6.47121517E-04   2.00928096E-03   4.95581422E-03   1.08655598E-02   2.17565130E-02   4.03515920E-02   7.00692683E-02  0.114912361      0.179096550      0.265804172      0.373236090      0.484181195      0.551813483      0.586480677      0.598101616      0.589950502      0.558740616      0.494678259      0.387723684      0.284245253      0.200672954      0.138174877       9.32771191E-02   6.18501902E-02   4.02834639E-02   2.57046595E-02   1.59082878E-02   9.20758862E-03   4.27623466E-03   0.00000000    
   0.00000000       8.40730150E-04   2.52027996E-03   6.01220550E-03   1.28201190E-02   2.51344852E-02   4.59829681E-02   7.94314295E-02  0.130940869      0.207990021      0.320758224      0.480367154      0.678346097      0.752089918      0.781344831      0.789887130      0.783129871      0.755702734      0.684104741      0.489817590      0.334388375      0.225240201      0.150547475       9.97774675E-02   6.54462948E-02   4.23820466E-02   2.69812606E-02   1.66919827E-02   9.66091827E-03   4.48091049E-03   0.00000000    
   0.00000000       9.66139836E-04   2.80312821E-03   6.47215359E-03   1.34114288E-02   2.56918296E-02   4.62152883E-02   7.90719688E-02  0.130316377      0.209833354      0.336463034      0.554786325       1.00000000       1.00000000       1.00000000       1.00000000       1.00000000       1.00000000       1.00000000      0.558980346      0.344858050      0.221855491      0.144938707       9.49715301E-02   6.20008633E-02   4.01352160E-02   2.56113391E-02   1.59022044E-02   9.23337229E-03   4.28662263E-03   0.00000000    
   0.00000000       9.74920578E-04   2.73392024E-03   6.08664565E-03   1.21865775E-02   2.26411857E-02   3.96719649E-02   6.64132610E-02  0.107476242      0.169894308      0.264218509      0.403145790      0.581065416      0.639135242      0.658318043      0.662771702      0.657975554      0.638556302      0.580677986      0.404609561      0.268336803      0.176698193      0.116489634       7.68381953E-02   5.05557097E-02   3.30425799E-02   2.13154107E-02   1.33782038E-02   7.83609599E-03   3.65421828E-03   0.00000000    
   0.00000000       8.42384994E-04   2.26427964E-03   4.79708984E-03   9.12164897E-03   1.60997659E-02   2.68406961E-02   4.28517237E-02   6.62967637E-02  0.100253716      0.148393303      0.212144524      0.280865252      0.315725178      0.329850912      0.333344728      0.329335630      0.314785063      0.279784203      0.211591929      0.148923129      0.102146126       6.95814937E-02   4.73314971E-02   3.21227238E-02   2.16612406E-02   1.44024864E-02   9.28799156E-03   5.55619039E-03   2.62168329E-03   0.00000000    
   0.00000000       5.78342937E-04   1.44431065E-03   2.76902737E-03   4.65266500E-03   7.06474902E-03   9.80070606E-03   1.24836676E-02   1.46292169E-02   1.57726016E-02   1.56409629E-02   1.43380184E-02   1.24642681E-02   1.09254178E-02   9.92266648E-03   9.42791626E-03   9.41586308E-03   9.91082750E-03   1.09250024E-02   1.22553250E-02   1.31428838E-02   1.31970486E-02   1.24237277E-02   1.10392030E-02   9.31571797E-03   7.49141164E-03   5.73010463E-03   4.11327044E-03   2.65083415E-03   1.30191981E-03   0.00000000    
   0.00000000       2.26479213E-04   4.12918744E-04   3.51912808E-04  -4.42217453E-04  -2.87978700E-03  -8.44940543E-03  -1.93731226E-02  -3.87529507E-02  -7.05998689E-02 -0.119196013     -0.185882598     -0.258809268     -0.296681464     -0.312635481     -0.317003489     -0.313000679     -0.297502875     -0.260414034     -0.189049989     -0.124254301      -7.71635100E-02  -4.59842384E-02  -2.63366252E-02  -1.43958116E-02  -7.40135182E-03  -3.49225430E-03  -1.45366113E-03  -5.05074684E-04  -1.39474039E-04   0.00000000    
   0.00000000      -1.47714178E-04  -6.40766812E-04  -2.01702560E-03  -5.25138061E-03  -1.19667761E-02  -2.46801041E-02  -4.71251458E-02  -8.47490877E-02 -0.145502150     -0.240720168     -0.383473665     -0.567376018     -0.627950430     -0.648338437     -0.653320432     -0.648509920     -0.628397107     -0.568582594     -0.387475491     -0.248126119     -0.155685976      -9.64519680E-02  -5.89425266E-02  -3.54183763E-02  -2.08515991E-02  -1.19780768E-02  -6.66501513E-03  -3.50109022E-03  -1.51974801E-03   0.00000000    
   0.00000000      -4.76512418E-04  -1.53246988E-03  -3.93631402E-03  -8.97809211E-03  -1.87028423E-02  -3.61872129E-02  -6.59395829E-02 -0.114657879     -0.193023965     -0.320779920     -0.543734789      -1.00000000      -1.00000000      -1.00000000      -1.00000000      -1.00000000      -1.00000000      -1.00000000     -0.549009562     -0.330870569     -0.206694290     -0.130266935      -8.17771703E-02  -5.07925004E-02  -3.10783684E-02  -1.86528601E-02  -1.08827762E-02  -5.97990490E-03  -2.67766649E-03   0.00000000    
   0.00000000      -7.09687767E-04  -2.13474128E-03  -5.15100826E-03  -1.11604203E-02  -2.22955011E-02  -4.16313708E-02  -7.34377429E-02 -0.123547688     -0.199935257     -0.313295782     -0.475107193     -0.676569879     -0.751537442     -0.781248331     -0.789914608     -0.783040941     -0.755153179     -0.682337761     -0.484753728     -0.327134222     -0.217060089     -0.142404839      -9.23075229E-02  -5.90048805E-02  -3.71131711E-02  -2.28892900E-02  -1.37098553E-02  -7.70778209E-03  -3.50441737E-03   0.00000000    
   0.00000000      -8.26304662E-04  -2.40478152E-03  -5.60491253E-03  -1.17653161E-02  -2.28389092E-02  -4.14971747E-02  -7.11706057E-02 -0.115972653     -0.180319846     -0.267613649     -0.376147747     -0.488454670     -0.556924403     -0.591987371     -0.603667259     -0.595267057     -0.563453317     -0.498318970     -0.389744222     -0.284807712     -0.200193584     -0.137075633      -9.18984190E-02  -6.04332760E-02  -3.89807150E-02  -2.46008001E-02  -1.50448075E-02  -8.60613957E-03  -3.95822898E-03   0.00000000    
   0.00000000      -8.34477600E-04  -2.37832544E-03  -5.41279372E-03  -1.11001367E-02  -2.10671984E-02  -3.74175124E-02  -6.26273751E-02  -9.92492884E-02 -0.149264395     -0.212774873     -0.285636127     -0.356446028     -0.407989740     -0.438291013     -0.449476868     -0.442594260     -0.416463792     -0.368887335     -0.301789880     -0.232059002     -0.170630753     -0.121313766      -8.39341879E-02  -5.67059591E-02  -3.74553427E-02  -2.41446830E-02  -1.50439003E-02  -8.73772614E-03  -4.06011939E-03   0.00000000    
   0.00000000      -7.61745032E-04  -2.13948125E-03  -4.78280056E-03  -9.62945633E-03  -1.79420505E-02  -3.12665626E-02  -5.12728691E-02  -7.94263855E-02 -0.116425388     -0.161351651     -0.210645780     -0.257622361     -0.294441104     -0.317849815     -0.327266246     -0.322656661     -0.303832501     -0.271183342     -0.227777362     -0.181198001     -0.137850225     -0.101118632      -7.19370395E-02  -4.98182774E-02  -3.36420946E-02  -2.21202765E-02  -1.40234884E-02  -8.26073531E-03  -3.87561647E-03   0.00000000    
   0.00000000      -6.42430503E-04  -1.78531662E-03  -3.93587630E-03  -7.80782057E-03  -1.43294912E-02  -2.45831572E-02  -3.96489166E-02  -6.03317395E-02  -8.67664665E-02 -0.117945090     -0.151336998     -0.183002084     -0.208729327     -0.225905374     -0.233369797     -0.230739370     -0.218121767     -0.196425676     -0.168038785     -0.136959627     -0.106957890      -8.04968178E-02  -5.86621054E-02  -4.15369719E-02  -2.86254082E-02  -1.91712938E-02  -1.23522794E-02  -7.37319468E-03  -3.49114859E-03   0.00000000    
   0.00000000      -5.07456833E-04  -1.39944511E-03  -3.05176387E-03  -5.98223740E-03  -1.08450428E-02  -1.83716994E-02  -2.92441361E-02  -4.38963845E-02  -6.22630715E-02  -8.35324824E-02 -0.106023446     -0.127362460     -0.145073652     -0.157316312     -0.163034081     -0.161805853     -0.153763592     -0.139699474     -0.121230528     -0.100658961      -8.02551210E-02  -6.16957955E-02  -4.59020287E-02  -3.31487320E-02  -2.32698321E-02  -1.58509370E-02  -1.03677195E-02  -6.26571244E-03  -2.99280789E-03   0.00000000    
   0.00000000      -3.78934550E-04  -1.03937846E-03  -2.24743132E-03  -4.36377432E-03  -7.83344172E-03  -1.31376758E-02  -2.07010359E-02  -3.07579394E-02  -4.32000421E-02  -5.74493036E-02  -7.24252313E-02  -8.66770148E-02  -9.86899734E-02 -0.107229121     -0.111493208     -0.111126557     -0.106214128      -9.73119661E-02  -8.54558498E-02  -7.20227137E-02  -5.84018752E-02  -4.57007065E-02  -3.46130505E-02  -2.54341867E-02  -1.81526002E-02  -1.25574805E-02  -8.32779519E-03  -5.09086624E-03  -2.45162519E-03   0.00000000    
   0.00000000      -2.69059849E-04  -7.35232490E-04  -1.57921552E-03  -3.04286438E-03  -5.41914441E-03  -9.01678484E-03  -1.40969967E-02  -2.07880791E-02  -2.89951414E-02  -3.83343101E-02  -4.81278002E-02  -5.74874617E-02  -6.54779822E-02  -7.12955296E-02  -7.43805841E-02  -7.44640231E-02  -7.15842471E-02  -6.60935566E-02  -5.86321428E-02  -5.00303023E-02  -4.11402248E-02  -3.26769650E-02  -2.51292642E-02  -1.87466536E-02  -1.35768596E-02  -9.52238217E-03  -6.39387826E-03  -3.94924963E-03  -1.91602251E-03   0.00000000    
   0.00000000      -1.81524214E-04  -4.94518026E-04  -1.05607521E-03  -2.02134578E-03  -3.57554713E-03  -5.91007061E-03  -9.18196607E-03  -1.34617602E-02  -1.86813623E-02  -2.45995931E-02  -3.08040828E-02  -3.67603265E-02  -4.18999158E-02  -4.57181782E-02  -4.78478372E-02  -4.81007844E-02  -4.64867651E-02  -4.32138667E-02  -3.86633091E-02  -3.33279297E-02  -2.77215354E-02  -2.22913641E-02  -1.73620526E-02  -1.31187886E-02  -9.62048676E-03  -6.82797283E-03  -4.63410234E-03  -2.88792676E-03  -1.41004077E-03   0.00000000    
   0.00000000      -1.13553331E-04  -3.08106682E-04  -6.53783791E-04  -1.24259375E-03  -2.18297914E-03  -3.58521426E-03  -5.53765334E-03  -8.07718746E-03  -1.11609176E-02  -1.46486368E-02  -1.83053110E-02  -2.18279026E-02  -2.48917025E-02  -2.72025764E-02  -2.85403635E-02  -2.87871063E-02  -2.79406682E-02  -2.61144079E-02  -2.35204417E-02  -2.04345435E-02  -1.71481743E-02  -1.39217135E-02  -1.09520676E-02  -8.35969578E-03  -6.19209465E-03  -4.43684310E-03  -3.03731463E-03  -1.90628960E-03  -9.35327378E-04   0.00000000    
   0.00000000      -5.72833123E-05  -1.54290348E-04  -3.24426335E-04  -6.10990915E-04  -1.06433372E-03  -1.73486397E-03  -2.66206264E-03  -3.86117096E-03  -5.31078642E-03  -6.94555044E-03  -8.65769200E-03  -1.03089474E-02  -1.17507223E-02  -1.28470995E-02  -1.34948734E-02  -1.36373909E-02  -1.32714603E-02  -1.24471132E-02  -1.12595391E-02  -9.83319711E-03  -8.30084179E-03  -6.78297970E-03  -5.37300808E-03  -4.13040724E-03  -3.08116851E-03  -2.22279644E-03  -1.53095357E-03  -9.65555606E-04  -4.75220731E-04   0.00000000    
   0.00000000       0.00000000       0.00000000       0.00000000       0.00000000       0.00000000       0.00000000       0.00000000       0.00000000       0.00000000       0.00000000       0.00000000       0.00000000       0.00000000       0.00000000       0.00000000       0.00000000       0.00000000       0.00000000       0.00000000       0.00000000       0.00000000       0.00000000       0.00000000       0.00000000       0.00000000       0.00000000       0.00000000       0.00000000       0.00000000       0.00000000    
