  0.0000   0.0000   0.0000   0.0000   0.0000   0.0000   0.0000   0.0000   0.0000   0.0000   0.0000   0.0000   0.0000   0.0000   0.0000   0.0000   0.0000   0.0000   0.0000   0.0000   0.0000   0.0000   0.0000   0.0000   0.0000   0.0000   0.0000   0.0000   0.0000   0.0000   0.0000   0.0000   0.0000   0.0000   0.0000   0.0000   0.0000   0.0000   0.0000   0.0000   0.0000   0.0000   0.0000   0.0000   0.0000   0.0000   0.0000   0.0000   0.0000   0.0000   0.0000
  0.0000   0.0000   0.0000   0.0000   0.0000   0.0000   0.0000   0.0000   0.0000   0.0000
  0.0000   0.0008   0.0015   0.0023   0.0030   0.0038   0.0047   0.0054   0.0063   0.0072   0.0081   0.0090   0.0099   0.0109   0.0119   0.0129   0.0139   0.0149   0.0159   0.0169   0.0178   0.0187   0.0196   0.0204   0.0211   0.0217   0.0222   0.0226   0.0229   0.0231   0.0232   0.0231   0.0229   0.0226   0.0222   0.0217   0.0211   0.0204   0.0196   0.0187   0.0178   0.0169   0.0159   0.0149   0.0139   0.0129   0.0119   0.0109   0.0099   0.0090   0.0081
  0.0072   0.0063   0.0054   0.0046   0.0038   0.0030   0.0023   0.0015   0.0007   0.0000
  0.0000   0.0015   0.0030   0.0045   0.0061   0.0077   0.0092   0.0109   0.0126   0.0143   0.0161   0.0179   0.0198   0.0218   0.0238   0.0258   0.0278   0.0298   0.0318   0.0338   0.0357   0.0375   0.0392   0.0408   0.0422   0.0435   0.0445   0.0454   0.0460   0.0464   0.0465   0.0464   0.0460   0.0454   0.0445   0.0435   0.0422   0.0408   0.0392   0.0375   0.0357   0.0338   0.0318   0.0298   0.0278   0.0258   0.0238   0.0218   0.0199   0.0180   0.0161
  0.0143   0.0126   0.0109   0.0092   0.0076   0.0060   0.0045   0.0030   0.0015   0.0000
  0.0000   0.0022   0.0045   0.0067   0.0091   0.0114   0.0138   0.0162   0.0188   0.0214   0.0241   0.0269   0.0297   0.0326   0.0356   0.0386   0.0417   0.0447   0.0478   0.0507   0.0536   0.0564   0.0590   0.0614   0.0635   0.0655   0.0671   0.0683   0.0693   0.0698   0.0700   0.0698   0.0693   0.0683   0.0671   0.0655   0.0636   0.0614   0.0590   0.0564   0.0536   0.0507   0.0478   0.0447   0.0417   0.0386   0.0356   0.0326   0.0297   0.0269   0.0241
  0.0214   0.0188   0.0163   0.0138   0.0114   0.0090   0.0067   0.0045   0.0022   0.0000
  0.0000   0.0029   0.0059   0.0089   0.0120   0.0151   0.0183   0.0215   0.0249   0.0284   0.0320   0.0357   0.0395   0.0434   0.0474   0.0515   0.0556   0.0597   0.0638   0.0678   0.0717   0.0754   0.0789   0.0822   0.0851   0.0877   0.0899   0.0917   0.0929   0.0937   0.0940   0.0937   0.0929   0.0917   0.0899   0.0877   0.0852   0.0822   0.0789   0.0754   0.0717   0.0678   0.0638   0.0597   0.0556   0.0515   0.0474   0.0434   0.0395   0.0357   0.0320
  0.0284   0.0249   0.0216   0.0183   0.0151   0.0120   0.0089   0.0059   0.0030   0.0000
  0.0000   0.0037   0.0073   0.0111   0.0149   0.0187   0.0227   0.0267   0.0310   0.0353   0.0398   0.0444   0.0492   0.0541   0.0591   0.0643   0.0694   0.0746   0.0798   0.0849   0.0899   0.0947   0.0992   0.1033   0.1071   0.1104   0.1132   0.1155   0.1171   0.1181   0.1184   0.1181   0.1171   0.1155   0.1132   0.1104   0.1071   0.1033   0.0992   0.0947   0.0899   0.0849   0.0798   0.0747   0.0695   0.0643   0.0592   0.0542   0.0492   0.0445   0.0398
  0.0353   0.0310   0.0268   0.0227   0.0187   0.0149   0.0111   0.0073   0.0037   0.0000
  0.0000   0.0043   0.0087   0.0131   0.0176   0.0222   0.0270   0.0318   0.0369   0.0421   0.0475   0.0530   0.0588   0.0647   0.0708   0.0770   0.0833   0.0896   0.0960   0.1022   0.1083   0.1142   0.1197   0.1249   0.1295   0.1336   0.1371   0.1399   0.1419   0.1431   0.1435   0.1431   0.1419   0.1399   0.1371   0.1336   0.1295   0.1249   0.1197   0.1142   0.1083   0.1022   0.0960   0.0897   0.0833   0.0770   0.0708   0.0647   0.0588   0.0531   0.0475
  0.0421   0.0369   0.0319   0.0270   0.0223   0.0176   0.0131   0.0087   0.0043   0.0000
  0.0000   0.0050   0.0100   0.0152   0.0203   0.0257   0.0311   0.0367   0.0426   0.0487   0.0549   0.0615   0.0682   0.0752   0.0823   0.0897   0.0971   0.1047   0.1122   0.1197   0.1270   0.1340   0.1407   0.1469   0.1525   0.1575   0.1617   0.1650   0.1674   0.1689   0.1694   0.1689   0.1674   0.1650   0.1617   0.1575   0.1525   0.1469   0.1407   0.1340   0.1270   0.1197   0.1122   0.1047   0.0972   0.0897   0.0824   0.0752   0.0682   0.0615   0.0550
  0.0487   0.0426   0.0368   0.0311   0.0257   0.0203   0.0151   0.0100   0.0050   0.0000
  0.0000   0.0056   0.0113   0.0170   0.0229   0.0289   0.0351   0.0415   0.0481   0.0550   0.0622   0.0696   0.0774   0.0854   0.0937   0.1022   0.1109   0.1197   0.1285   0.1373   0.1459   0.1542   0.1621   0.1695   0.1762   0.1821   0.1871   0.1911   0.1940   0.1957   0.1963   0.1957   0.1940   0.1911   0.1871   0.1821   0.1762   0.1695   0.1621   0.1542   0.1459   0.1373   0.1285   0.1197   0.1109   0.1022   0.0937   0.0854   0.0774   0.0697   0.0622
  0.0550   0.0481   0.0415   0.0351   0.0289   0.0229   0.0170   0.0113   0.0056   0.0000
  0.0000   0.0062   0.0125   0.0188   0.0253   0.0320   0.0388   0.0459   0.0534   0.0611   0.0691   0.0775   0.0863   0.0954   0.1048   0.1145   0.1245   0.1346   0.1449   0.1550   0.1651   0.1748   0.1841   0.1927   0.2006   0.2076   0.2135   0.2182   0.2216   0.2237   0.2244   0.2237   0.2216   0.2182   0.2135   0.2076   0.2006   0.1928   0.1841   0.1748   0.1651   0.1551   0.1449   0.1347   0.1245   0.1146   0.1048   0.0954   0.0863   0.0776   0.0692
  0.0611   0.0534   0.0460   0.0389   0.0320   0.0253   0.0188   0.0125   0.0062   0.0000
  0.0000   0.0068   0.0136   0.0205   0.0276   0.0348   0.0423   0.0502   0.0583   0.0668   0.0757   0.0851   0.0949   0.1051   0.1157   0.1267   0.1380   0.1495   0.1613   0.1730   0.1846   0.1959   0.2067   0.2168   0.2260   0.2342   0.2411   0.2466   0.2507   0.2531   0.2539   0.2531   0.2507   0.2466   0.2411   0.2342   0.2260   0.2168   0.2067   0.1959   0.1846   0.1730   0.1613   0.1496   0.1380   0.1267   0.1157   0.1051   0.0949   0.0851   0.0758
  0.0669   0.0583   0.0502   0.0424   0.0348   0.0276   0.0205   0.0136   0.0068   0.0000
  0.0000   0.0073   0.0146   0.0220   0.0296   0.0374   0.0456   0.0540   0.0629   0.0722   0.0819   0.0922   0.1030   0.1143   0.1261   0.1384   0.1512   0.1643   0.1776   0.1911   0.2044   0.2174   0.2300   0.2417   0.2525   0.2620   0.2701   0.2765   0.2813   0.2841   0.2851   0.2841   0.2813   0.2765   0.2701   0.2620   0.2525   0.2417   0.2300   0.2174   0.2044   0.1911   0.1776   0.1643   0.1512   0.1385   0.1261   0.1143   0.1030   0.0922   0.0820
  0.0722   0.0629   0.0541   0.0456   0.0375   0.0296   0.0220   0.0146   0.0073   0.0000
  0.0000   0.0077   0.0154   0.0233   0.0314   0.0398   0.0484   0.0575   0.0670   0.0770   0.0876   0.0988   0.1106   0.1230   0.1361   0.1498   0.1641   0.1788   0.1939   0.2092   0.2245   0.2395   0.2540   0.2676   0.2801   0.2912   0.3007   0.3082   0.3137   0.3171   0.3182   0.3171   0.3137   0.3082   0.3007   0.2912   0.2801   0.2676   0.2540   0.2395   0.2245   0.2092   0.1939   0.1788   0.1641   0.1498   0.1361   0.1230   0.1106   0.0988   0.0876
  0.0771   0.0670   0.0575   0.0485   0.0398   0.0314   0.0233   0.0155   0.0077   0.0000
  0.0000   0.0081   0.0162   0.0245   0.0330   0.0418   0.0509   0.0605   0.0707   0.0814   0.0927   0.1047   0.1175   0.1311   0.1455   0.1606   0.1765   0.1930   0.2100   0.2274   0.2448   0.2621   0.2788   0.2947   0.3092   0.3221   0.3331   0.3419   0.3483   0.3522   0.3535   0.3522   0.3483   0.3419   0.3331   0.3222   0.3092   0.2947   0.2789   0.2621   0.2449   0.2274   0.2100   0.1930   0.1765   0.1606   0.1455   0.1311   0.1176   0.1048   0.0927
  0.0814   0.0707   0.0606   0.0510   0.0418   0.0330   0.0245   0.0162   0.0081   0.0000
  0.0000   0.0084   0.0168   0.0254   0.0342   0.0434   0.0530   0.0630   0.0737   0.0850   0.0971   0.1100   0.1237   0.1384   0.1540   0.1706   0.1882   0.2066   0.2258   0.2455   0.2654   0.2853   0.3046   0.3230   0.3399   0.3550   0.3678   0.3780   0.3855   0.3900   0.3915   0.3900   0.3855   0.3780   0.3678   0.3550   0.3400   0.3230   0.3046   0.2853   0.2654   0.2455   0.2258   0.2066   0.1882   0.1707   0.1541   0.1384   0.1237   0.1100   0.0971
  0.0851   0.0737   0.0631   0.0530   0.0434   0.0342   0.0254   0.0168   0.0084   0.0000
  0.0000   0.0086   0.0172   0.0260   0.0352   0.0446   0.0545   0.0650   0.0761   0.0880   0.1007   0.1143   0.1290   0.1447   0.1616   0.1798   0.1991   0.2195   0.2410   0.2633   0.2860   0.3089   0.3314   0.3528   0.3726   0.3901   0.4050   0.4169   0.4255   0.4307   0.4325   0.4307   0.4255   0.4169   0.4050   0.3901   0.3726   0.3528   0.3314   0.3089   0.2861   0.2633   0.2410   0.2195   0.1991   0.1798   0.1617   0.1448   0.1290   0.1143   0.1007
  0.0880   0.0761   0.0650   0.0546   0.0446   0.0352   0.0261   0.0172   0.0086   0.0000
  0.0000   0.0087   0.0175   0.0265   0.0357   0.0454   0.0555   0.0663   0.0778   0.0901   0.1033   0.1176   0.1331   0.1499   0.1681   0.1877   0.2088   0.2314   0.2554   0.2806   0.3066   0.3330   0.3591   0.3842   0.4074   0.4279   0.4453   0.4590   0.4689   0.4749   0.4769   0.4749   0.4689   0.4590   0.4453   0.4279   0.4074   0.3842   0.3591   0.3330   0.3066   0.2806   0.2554   0.2314   0.2088   0.1877   0.1681   0.1499   0.1331   0.1177   0.1033
  0.0901   0.0778   0.0663   0.0556   0.0454   0.0357   0.0265   0.0175   0.0087   0.0000
  0.0000   0.0087   0.0175   0.0266   0.0359   0.0456   0.0559   0.0669   0.0786   0.0912   0.1049   0.1198   0.1360   0.1537   0.1730   0.1941   0.2171   0.2419   0.2686   0.2970   0.3268   0.3574   0.3879   0.4174   0.4448   0.4690   0.4892   0.5050   0.5163   0.5231   0.5253   0.5231   0.5163   0.5050   0.4892   0.4690   0.4448   0.4174   0.3879   0.3574   0.3268   0.2970   0.2686   0.2419   0.2171   0.1941   0.1730   0.1537   0.1360   0.1198   0.1049
  0.0913   0.0786   0.0669   0.0560   0.0457   0.0359   0.0266   0.0175   0.0087   0.0000
  0.0000   0.0086   0.0174   0.0264   0.0356   0.0454   0.0557   0.0667   0.0785   0.0913   0.1053   0.1206   0.1374   0.1559   0.1762   0.1987   0.2234   0.2506   0.2802   0.3121   0.3462   0.3817   0.4178   0.4529   0.4854   0.5139   0.5374   0.5555   0.5683   0.5758   0.5783   0.5758   0.5683   0.5555   0.5374   0.5139   0.4854   0.4529   0.4177   0.3817   0.3462   0.3121   0.2802   0.2506   0.2234   0.1987   0.1762   0.1559   0.1374   0.1206   0.1053
  0.0914   0.0785   0.0667   0.0557   0.0454   0.0357   0.0264   0.0174   0.0086   0.0000
  0.0000   0.0085   0.0170   0.0258   0.0350   0.0446   0.0547   0.0657   0.0775   0.0903   0.1044   0.1199   0.1371   0.1561   0.1773   0.2010   0.2274   0.2567   0.2893   0.3251   0.3641   0.4056   0.4485   0.4909   0.5301   0.5639   0.5911   0.6114   0.6254   0.6335   0.6362   0.6335   0.6254   0.6114   0.5911   0.5639   0.5301   0.4909   0.4485   0.4056   0.3641   0.3251   0.2893   0.2568   0.2274   0.2010   0.1773   0.1561   0.1371   0.1199   0.1044
  0.0903   0.0775   0.0657   0.0548   0.0446   0.0350   0.0258   0.0170   0.0085   0.0000
  0.0000   0.0082   0.0164   0.0250   0.0338   0.0431   0.0531   0.0637   0.0753   0.0880   0.1020   0.1175   0.1348   0.1542   0.1760   0.2006   0.2284   0.2597   0.2952   0.3350   0.3794   0.4281   0.4798   0.5319   0.5804   0.6206   0.6515   0.6736   0.6884   0.6968   0.6995   0.6968   0.6884   0.6736   0.6515   0.6206   0.5803   0.5319   0.4798   0.4281   0.3794   0.3350   0.2952   0.2597   0.2284   0.2006   0.1760   0.1542   0.1349   0.1176   0.1020
  0.0880   0.0754   0.0638   0.0531   0.0431   0.0338   0.0250   0.0165   0.0082   0.0000
  0.0000   0.0078   0.0156   0.0237   0.0322   0.0411   0.0506   0.0609   0.0721   0.0845   0.0981   0.1134   0.1305   0.1499   0.1719   0.1970   0.2257   0.2587   0.2967   0.3404   0.3905   0.4475   0.5106   0.5767   0.6387   0.6867   0.7205   0.7433   0.7577   0.7656   0.7682   0.7656   0.7577   0.7433   0.7205   0.6867   0.6387   0.5767   0.5106   0.4475   0.3905   0.3404   0.2966   0.2587   0.2257   0.1970   0.1719   0.1499   0.1306   0.1134   0.0982
  0.0845   0.0721   0.0609   0.0506   0.0411   0.0322   0.0237   0.0156   0.0078   0.0000
  0.0000   0.0073   0.0146   0.0222   0.0301   0.0385   0.0474   0.0572   0.0678   0.0796   0.0927   0.1074   0.1240   0.1430   0.1647   0.1897   0.2188   0.2526   0.2924   0.3393   0.3949   0.4609   0.5383   0.6255   0.7112   0.7669   0.8007   0.8213   0.8335   0.8399   0.8420   0.8399   0.8335   0.8213   0.8007   0.7669   0.7112   0.6255   0.5383   0.4609   0.3949   0.3393   0.2924   0.2526   0.2188   0.1897   0.1647   0.1430   0.1240   0.1074   0.0927
  0.0796   0.0678   0.0572   0.0474   0.0385   0.0301   0.0222   0.0146   0.0072   0.0000
  0.0000   0.0066   0.0133   0.0203   0.0275   0.0352   0.0435   0.0525   0.0624   0.0733   0.0856   0.0994   0.1152   0.1333   0.1542   0.1785   0.2070   0.2407   0.2809   0.3294   0.3888   0.4627   0.5564   0.6756   0.8139   0.8688   0.8943   0.9076   0.9149   0.9187   0.9198   0.9187   0.9149   0.9076   0.8943   0.8688   0.8139   0.6756   0.5564   0.4627   0.3888   0.3294   0.2809   0.2407   0.2070   0.1785   0.1542   0.1333   0.1152   0.0995   0.0856
  0.0733   0.0624   0.0525   0.0435   0.0352   0.0275   0.0203   0.0134   0.0066   0.0000
  0.0000   0.0059   0.0119   0.0181   0.0245   0.0314   0.0388   0.0469   0.0558   0.0658   0.0769   0.0896   0.1041   0.1208   0.1403   0.1631   0.1900   0.2223   0.2611   0.3088   0.3682   0.4448   0.5490   0.7067   1.0000   1.0000   1.0000   1.0000   1.0000   1.0000   1.0000   1.0000   1.0000   1.0000   1.0000   1.0000   1.0000   0.7067   0.5490   0.4448   0.3682   0.3088   0.2611   0.2222   0.1900   0.1631   0.1403   0.1208   0.1041   0.0896   0.0769
  0.0658   0.0558   0.0469   0.0388   0.0314   0.0245   0.0181   0.0119   0.0059   0.0000
  0.0000   0.0051   0.0102   0.0156   0.0211   0.0271   0.0335   0.0405   0.0483   0.0570   0.0667   0.0779   0.0907   0.1056   0.1230   0.1435   0.1678   0.1971   0.2326   0.2762   0.3305   0.3993   0.4879   0.6023   0.7361   0.7869   0.8090   0.8196   0.8249   0.8275   0.8282   0.8275   0.8249   0.8196   0.8090   0.7869   0.7361   0.6023   0.4879   0.3993   0.3305   0.2762   0.2326   0.1971   0.1678   0.1435   0.1230   0.1056   0.0907   0.0779   0.0668
  0.0570   0.0483   0.0405   0.0335   0.0271   0.0211   0.0156   0.0102   0.0051   0.0000
  0.0000   0.0042   0.0084   0.0128   0.0174   0.0223   0.0276   0.0334   0.0398   0.0470   0.0552   0.0645   0.0753   0.0879   0.1026   0.1200   0.1408   0.1657   0.1960   0.2330   0.2784   0.3340   0.4012   0.4785   0.5551   0.6025   0.6295   0.6445   0.6527   0.6567   0.6580   0.6567   0.6527   0.6445   0.6295   0.6025   0.5551   0.4785   0.4012   0.3340   0.2784   0.2330   0.1960   0.1657   0.1408   0.1200   0.1026   0.0879   0.0753   0.0645   0.0552
  0.0470   0.0398   0.0334   0.0276   0.0223   0.0174   0.0128   0.0084   0.0042   0.0000
  0.0000   0.0032   0.0064   0.0098   0.0133   0.0171   0.0211   0.0256   0.0306   0.0362   0.0425   0.0498   0.0581   0.0679   0.0795   0.0931   0.1095   0.1291   0.1528   0.1814   0.2160   0.2570   0.3043   0.3553   0.4033   0.4387   0.4619   0.4762   0.4846   0.4888   0.4901   0.4888   0.4846   0.4763   0.4619   0.4387   0.4033   0.3553   0.3043   0.2570   0.2160   0.1814   0.1528   0.1291   0.1094   0.0931   0.0795   0.0679   0.0581   0.0498   0.0425
  0.0362   0.0306   0.0256   0.0212   0.0171   0.0133   0.0098   0.0064   0.0032   0.0000
  0.0000   0.0022   0.0044   0.0066   0.0090   0.0116   0.0143   0.0174   0.0207   0.0245   0.0289   0.0338   0.0396   0.0463   0.0542   0.0636   0.0748   0.0883   0.1045   0.1240   0.1470   0.1739   0.2038   0.2350   0.2640   0.2870   0.3033   0.3140   0.3205   0.3239   0.3250   0.3239   0.3205   0.3140   0.3033   0.2870   0.2640   0.2350   0.2038   0.1739   0.1470   0.1240   0.1045   0.0883   0.0748   0.0636   0.0542   0.0463   0.0396   0.0338   0.0289
  0.0246   0.0208   0.0174   0.0143   0.0116   0.0090   0.0066   0.0044   0.0022   0.0000
  0.0000   0.0011   0.0022   0.0033   0.0045   0.0058   0.0072   0.0088   0.0105   0.0124   0.0146   0.0171   0.0200   0.0235   0.0275   0.0323   0.0380   0.0448   0.0531   0.0628   0.0744   0.0876   0.1021   0.1170   0.1307   0.1420   0.1503   0.1559   0.1594   0.1613   0.1619   0.1613   0.1594   0.1559   0.1503   0.1420   0.1307   0.1170   0.1021   0.0876   0.0744   0.0628   0.0531   0.0448   0.0380   0.0323   0.0275   0.0235   0.0200   0.0171   0.0146
  0.0124   0.0105   0.0088   0.0072   0.0058   0.0045   0.0033   0.0022   0.0011   0.0000
  0.0000  -0.0000  -0.0000  -0.0000  -0.0000  -0.0000  -0.0000  -0.0000  -0.0000  -0.0000   0.0000   0.0000  -0.0000  -0.0000  -0.0000   0.0000  -0.0000  -0.0000  -0.0000  -0.0000  -0.0000  -0.0000  -0.0000  -0.0000  -0.0000  -0.0000  -0.0000  -0.0000  -0.0000  -0.0000  -0.0000  -0.0000   0.0000   0.0000   0.0000   0.0000   0.0000   0.0000   0.0000   0.0000   0.0000   0.0000   0.0000   0.0000   0.0000   0.0000   0.0000   0.0000   0.0000   0.0000   0.0000
  0.0000  -0.0000  -0.0000  -0.0000  -0.0000  -0.0000  -0.0000  -0.0000   0.0000   0.0000
  0.0000  -0.0011  -0.0022  -0.0033  -0.0046  -0.0058  -0.0072  -0.0088  -0.0105  -0.0124  -0.0146  -0.0171  -0.0200  -0.0235  -0.0275  -0.0323  -0.0380  -0.0448  -0.0531  -0.0629  -0.0744  -0.0876  -0.1021  -0.1170  -0.1308  -0.1420  -0.1503  -0.1559  -0.1594  -0.1613  -0.1619  -0.1613  -0.1594  -0.1559  -0.1503  -0.1420  -0.1307  -0.1170  -0.1021  -0.0876  -0.0744  -0.0628  -0.0531  -0.0448  -0.0380  -0.0323  -0.0275  -0.0235  -0.0200  -0.0171  -0.0146
 -0.0124  -0.0105  -0.0088  -0.0072  -0.0058  -0.0045  -0.0033  -0.0022  -0.0011   0.0000
  0.0000  -0.0022  -0.0044  -0.0066  -0.0090  -0.0116  -0.0143  -0.0174  -0.0208  -0.0246  -0.0289  -0.0338  -0.0396  -0.0463  -0.0542  -0.0636  -0.0748  -0.0883  -0.1045  -0.1240  -0.1470  -0.1739  -0.2038  -0.2350  -0.2640  -0.2870  -0.3033  -0.3140  -0.3205  -0.3239  -0.3250  -0.3239  -0.3205  -0.3140  -0.3033  -0.2870  -0.2640  -0.2350  -0.2038  -0.1739  -0.1470  -0.1240  -0.1045  -0.0883  -0.0748  -0.0636  -0.0542  -0.0463  -0.0396  -0.0338  -0.0289
 -0.0246  -0.0208  -0.0174  -0.0143  -0.0116  -0.0090  -0.0066  -0.0044  -0.0022   0.0000
  0.0000  -0.0032  -0.0064  -0.0098  -0.0133  -0.0171  -0.0212  -0.0256  -0.0306  -0.0362  -0.0425  -0.0498  -0.0582  -0.0679  -0.0795  -0.0931  -0.1094  -0.1291  -0.1528  -0.1814  -0.2160  -0.2570  -0.3043  -0.3553  -0.4033  -0.4387  -0.4619  -0.4763  -0.4846  -0.4888  -0.4901  -0.4888  -0.4846  -0.4763  -0.4619  -0.4387  -0.4033  -0.3553  -0.3043  -0.2570  -0.2160  -0.1814  -0.1528  -0.1291  -0.1094  -0.0931  -0.0795  -0.0679  -0.0581  -0.0498  -0.0425
 -0.0362  -0.0306  -0.0256  -0.0212  -0.0171  -0.0133  -0.0098  -0.0064  -0.0032   0.0000
  0.0000  -0.0042  -0.0084  -0.0128  -0.0174  -0.0223  -0.0276  -0.0334  -0.0398  -0.0470  -0.0552  -0.0645  -0.0753  -0.0879  -0.1026  -0.1200  -0.1408  -0.1657  -0.1960  -0.2330  -0.2784  -0.3340  -0.4012  -0.4785  -0.5551  -0.6025  -0.6295  -0.6445  -0.6527  -0.6567  -0.6580  -0.6567  -0.6527  -0.6445  -0.6295  -0.6025  -0.5551  -0.4785  -0.4012  -0.3340  -0.2784  -0.2330  -0.1960  -0.1657  -0.1408  -0.1200  -0.1026  -0.0879  -0.0753  -0.0645  -0.0552
 -0.0470  -0.0398  -0.0334  -0.0276  -0.0223  -0.0174  -0.0128  -0.0084  -0.0042   0.0000
  0.0000  -0.0051  -0.0102  -0.0156  -0.0212  -0.0271  -0.0335  -0.0405  -0.0483  -0.0570  -0.0667  -0.0779  -0.0907  -0.1056  -0.1230  -0.1435  -0.1678  -0.1971  -0.2326  -0.2762  -0.3305  -0.3993  -0.4879  -0.6023  -0.7361  -0.7869  -0.8090  -0.8196  -0.8249  -0.8275  -0.8282  -0.8275  -0.8249  -0.8196  -0.8090  -0.7869  -0.7361  -0.6023  -0.4879  -0.3993  -0.3305  -0.2762  -0.2326  -0.1971  -0.1678  -0.1435  -0.1230  -0.1056  -0.0907  -0.0779  -0.0668
 -0.0570  -0.0483  -0.0405  -0.0335  -0.0271  -0.0211  -0.0156  -0.0102  -0.0051   0.0000
  0.0000  -0.0059  -0.0119  -0.0181  -0.0246  -0.0314  -0.0388  -0.0469  -0.0558  -0.0658  -0.0769  -0.0896  -0.1041  -0.1208  -0.1403  -0.1631  -0.1900  -0.2222  -0.2611  -0.3088  -0.3682  -0.4448  -0.5490  -0.7067  -1.0000  -1.0000  -1.0000  -1.0000  -1.0000  -1.0000  -1.0000  -1.0000  -1.0000  -1.0000  -1.0000  -1.0000  -1.0000  -0.7067  -0.5490  -0.4448  -0.3682  -0.3088  -0.2611  -0.2222  -0.1900  -0.1631  -0.1403  -0.1208  -0.1041  -0.0896  -0.0769
 -0.0658  -0.0558  -0.0469  -0.0388  -0.0314  -0.0245  -0.0181  -0.0119  -0.0059   0.0000
  0.0000  -0.0066  -0.0134  -0.0203  -0.0275  -0.0352  -0.0435  -0.0525  -0.0624  -0.0733  -0.0856  -0.0994  -0.1152  -0.1333  -0.1542  -0.1785  -0.2070  -0.2407  -0.2809  -0.3294  -0.3888  -0.4627  -0.5564  -0.6756  -0.8139  -0.8688  -0.8943  -0.9076  -0.9149  -0.9187  -0.9198  -0.9187  -0.9149  -0.9076  -0.8943  -0.8688  -0.8139  -0.6756  -0.5564  -0.4627  -0.3888  -0.3294  -0.2809  -0.2407  -0.2070  -0.1785  -0.1542  -0.1333  -0.1152  -0.0995  -0.0856
 -0.0733  -0.0624  -0.0525  -0.0435  -0.0352  -0.0275  -0.0203  -0.0134  -0.0066   0.0000
  0.0000  -0.0072  -0.0146  -0.0222  -0.0301  -0.0385  -0.0475  -0.0572  -0.0678  -0.0796  -0.0927  -0.1074  -0.1240  -0.1430  -0.1647  -0.1897  -0.2188  -0.2526  -0.2924  -0.3393  -0.3949  -0.4609  -0.5383  -0.6255  -0.7112  -0.7669  -0.8007  -0.8213  -0.8335  -0.8399  -0.8420  -0.8399  -0.8335  -0.8213  -0.8007  -0.7669  -0.7112  -0.6255  -0.5383  -0.4609  -0.3949  -0.3393  -0.2924  -0.2526  -0.2188  -0.1897  -0.1647  -0.1430  -0.1240  -0.1074  -0.0927
 -0.0796  -0.0678  -0.0572  -0.0474  -0.0385  -0.0301  -0.0222  -0.0146  -0.0072   0.0000
  0.0000  -0.0078  -0.0156  -0.0237  -0.0322  -0.0411  -0.0506  -0.0609  -0.0721  -0.0845  -0.0982  -0.1134  -0.1306  -0.1499  -0.1719  -0.1970  -0.2257  -0.2587  -0.2966  -0.3404  -0.3905  -0.4475  -0.5106  -0.5767  -0.6387  -0.6867  -0.7205  -0.7433  -0.7577  -0.7656  -0.7682  -0.7656  -0.7577  -0.7433  -0.7205  -0.6867  -0.6387  -0.5767  -0.5106  -0.4475  -0.3905  -0.3404  -0.2966  -0.2587  -0.2257  -0.1970  -0.1719  -0.1499  -0.1306  -0.1134  -0.0982
 -0.0845  -0.0721  -0.0609  -0.0506  -0.0411  -0.0322  -0.0237  -0.0156  -0.0078   0.0000
  0.0000  -0.0082  -0.0165  -0.0250  -0.0338  -0.0431  -0.0531  -0.0638  -0.0754  -0.0880  -0.1020  -0.1175  -0.1349  -0.1542  -0.1760  -0.2006  -0.2284  -0.2597  -0.2952  -0.3350  -0.3794  -0.4281  -0.4798  -0.5319  -0.5803  -0.6206  -0.6515  -0.6736  -0.6884  -0.6968  -0.6995  -0.6968  -0.6884  -0.6736  -0.6515  -0.6206  -0.5803  -0.5319  -0.4798  -0.4281  -0.3794  -0.3350  -0.2952  -0.2597  -0.2284  -0.2006  -0.1760  -0.1542  -0.1349  -0.1176  -0.1020
 -0.0880  -0.0754  -0.0638  -0.0531  -0.0431  -0.0338  -0.0250  -0.0165  -0.0082   0.0000
  0.0000  -0.0085  -0.0170  -0.0258  -0.0350  -0.0446  -0.0548  -0.0657  -0.0775  -0.0903  -0.1044  -0.1199  -0.1371  -0.1561  -0.1773  -0.2010  -0.2274  -0.2568  -0.2893  -0.3251  -0.3641  -0.4056  -0.4485  -0.4909  -0.5301  -0.5639  -0.5911  -0.6114  -0.6254  -0.6335  -0.6362  -0.6335  -0.6254  -0.6114  -0.5911  -0.5639  -0.5301  -0.4908  -0.4485  -0.4056  -0.3641  -0.3251  -0.2893  -0.2567  -0.2274  -0.2010  -0.1773  -0.1561  -0.1371  -0.1199  -0.1044
 -0.0903  -0.0775  -0.0657  -0.0548  -0.0446  -0.0350  -0.0258  -0.0170  -0.0085   0.0000
  0.0000  -0.0086  -0.0174  -0.0264  -0.0357  -0.0454  -0.0557  -0.0667  -0.0785  -0.0914  -0.1053  -0.1206  -0.1374  -0.1559  -0.1762  -0.1987  -0.2234  -0.2506  -0.2802  -0.3121  -0.3462  -0.3817  -0.4177  -0.4529  -0.4854  -0.5139  -0.5374  -0.5555  -0.5683  -0.5758  -0.5783  -0.5758  -0.5683  -0.5555  -0.5374  -0.5139  -0.4854  -0.4529  -0.4177  -0.3817  -0.3462  -0.3121  -0.2802  -0.2506  -0.2234  -0.1987  -0.1762  -0.1559  -0.1374  -0.1206  -0.1053
 -0.0914  -0.0785  -0.0667  -0.0557  -0.0454  -0.0357  -0.0264  -0.0174  -0.0086   0.0000
  0.0000  -0.0087  -0.0175  -0.0266  -0.0359  -0.0457  -0.0560  -0.0669  -0.0786  -0.0913  -0.1049  -0.1198  -0.1360  -0.1537  -0.1730  -0.1941  -0.2171  -0.2419  -0.2686  -0.2970  -0.3268  -0.3574  -0.3879  -0.4174  -0.4448  -0.4690  -0.4892  -0.5050  -0.5163  -0.5231  -0.5253  -0.5231  -0.5163  -0.5050  -0.4892  -0.4690  -0.4448  -0.4174  -0.3879  -0.3574  -0.3268  -0.2970  -0.2686  -0.2419  -0.2171  -0.1941  -0.1730  -0.1537  -0.1360  -0.1198  -0.1049
 -0.0913  -0.0786  -0.0669  -0.0560  -0.0457  -0.0359  -0.0266  -0.0175  -0.0087   0.0000
  0.0000  -0.0087  -0.0175  -0.0265  -0.0357  -0.0454  -0.0556  -0.0663  -0.0778  -0.0901  -0.1033  -0.1177  -0.1331  -0.1499  -0.1681  -0.1877  -0.2088  -0.2314  -0.2554  -0.2806  -0.3066  -0.3330  -0.3591  -0.3842  -0.4074  -0.4279  -0.4453  -0.4590  -0.4689  -0.4749  -0.4769  -0.4749  -0.4689  -0.4590  -0.4453  -0.4279  -0.4074  -0.3842  -0.3591  -0.3330  -0.3066  -0.2806  -0.2554  -0.2314  -0.2088  -0.1877  -0.1681  -0.1499  -0.1331  -0.1177  -0.1033
 -0.0901  -0.0778  -0.0663  -0.0556  -0.0454  -0.0357  -0.0265  -0.0175  -0.0087   0.0000
  0.0000  -0.0086  -0.0172  -0.0261  -0.0352  -0.0446  -0.0546  -0.0650  -0.0761  -0.0880  -0.1007  -0.1143  -0.1290  -0.1448  -0.1617  -0.1798  -0.1991  -0.2195  -0.2410  -0.2633  -0.2860  -0.3089  -0.3314  -0.3528  -0.3726  -0.3901  -0.4050  -0.4169  -0.4255  -0.4307  -0.4324  -0.4307  -0.4255  -0.4169  -0.4050  -0.3901  -0.3726  -0.3528  -0.3314  -0.3089  -0.2860  -0.2633  -0.2410  -0.2195  -0.1991  -0.1798  -0.1617  -0.1448  -0.1290  -0.1143  -0.1007
 -0.0880  -0.0761  -0.0650  -0.0546  -0.0446  -0.0352  -0.0261  -0.0172  -0.0086   0.0000
  0.0000  -0.0084  -0.0168  -0.0254  -0.0342  -0.0434  -0.0530  -0.0631  -0.0737  -0.0851  -0.0971  -0.1100  -0.1237  -0.1384  -0.1541  -0.1707  -0.1882  -0.2066  -0.2258  -0.2455  -0.2654  -0.2853  -0.3046  -0.3230  -0.3399  -0.3550  -0.3678  -0.3780  -0.3855  -0.3900  -0.3915  -0.3900  -0.3855  -0.3780  -0.3678  -0.3550  -0.3399  -0.3230  -0.3046  -0.2853  -0.2654  -0.2455  -0.2258  -0.2066  -0.1882  -0.1707  -0.1541  -0.1384  -0.1237  -0.1100  -0.0971
 -0.0851  -0.0737  -0.0631  -0.0530  -0.0434  -0.0342  -0.0254  -0.0168  -0.0084   0.0000
  0.0000  -0.0081  -0.0162  -0.0245  -0.0330  -0.0418  -0.0510  -0.0606  -0.0707  -0.0814  -0.0927  -0.1048  -0.1176  -0.1311  -0.1455  -0.1606  -0.1765  -0.1930  -0.2100  -0.2274  -0.2448  -0.2621  -0.2788  -0.2947  -0.3092  -0.3221  -0.3331  -0.3419  -0.3483  -0.3522  -0.3535  -0.3522  -0.3483  -0.3419  -0.3331  -0.3221  -0.3092  -0.2947  -0.2788  -0.2621  -0.2448  -0.2274  -0.2100  -0.1930  -0.1765  -0.1606  -0.1455  -0.1311  -0.1176  -0.1048  -0.0927
 -0.0814  -0.0707  -0.0606  -0.0510  -0.0418  -0.0330  -0.0245  -0.0162  -0.0081   0.0000
  0.0000  -0.0077  -0.0155  -0.0233  -0.0314  -0.0398  -0.0485  -0.0575  -0.0670  -0.0771  -0.0876  -0.0988  -0.1106  -0.1230  -0.1361  -0.1498  -0.1641  -0.1788  -0.1939  -0.2092  -0.2245  -0.2395  -0.2540  -0.2676  -0.2801  -0.2912  -0.3007  -0.3082  -0.3137  -0.3171  -0.3182  -0.3171  -0.3137  -0.3082  -0.3007  -0.2912  -0.2801  -0.2676  -0.2540  -0.2395  -0.2245  -0.2092  -0.1939  -0.1788  -0.1641  -0.1498  -0.1361  -0.1230  -0.1106  -0.0988  -0.0876
 -0.0771  -0.0670  -0.0575  -0.0485  -0.0398  -0.0314  -0.0233  -0.0155  -0.0077   0.0000
  0.0000  -0.0073  -0.0146  -0.0220  -0.0296  -0.0375  -0.0456  -0.0541  -0.0629  -0.0722  -0.0820  -0.0922  -0.1030  -0.1143  -0.1261  -0.1385  -0.1512  -0.1643  -0.1776  -0.1911  -0.2044  -0.2174  -0.2299  -0.2417  -0.2525  -0.2620  -0.2701  -0.2765  -0.2813  -0.2841  -0.2851  -0.2841  -0.2813  -0.2765  -0.2701  -0.2620  -0.2525  -0.2417  -0.2299  -0.2174  -0.2044  -0.1911  -0.1776  -0.1643  -0.1512  -0.1385  -0.1261  -0.1143  -0.1030  -0.0922  -0.0820
 -0.0722  -0.0629  -0.0541  -0.0456  -0.0375  -0.0296  -0.0220  -0.0146  -0.0073   0.0000
  0.0000  -0.0068  -0.0136  -0.0205  -0.0276  -0.0348  -0.0424  -0.0502  -0.0583  -0.0668  -0.0758  -0.0851  -0.0949  -0.1051  -0.1157  -0.1267  -0.1380  -0.1496  -0.1613  -0.1730  -0.1846  -0.1959  -0.2067  -0.2168  -0.2260  -0.2342  -0.2411  -0.2466  -0.2507  -0.2531  -0.2539  -0.2531  -0.2507  -0.2466  -0.2411  -0.2342  -0.2260  -0.2168  -0.2067  -0.1959  -0.1846  -0.1730  -0.1613  -0.1496  -0.1380  -0.1267  -0.1157  -0.1051  -0.0949  -0.0851  -0.0758
 -0.0668  -0.0583  -0.0502  -0.0424  -0.0348  -0.0276  -0.0205  -0.0136  -0.0068   0.0000
  0.0000  -0.0062  -0.0125  -0.0188  -0.0253  -0.0320  -0.0389  -0.0460  -0.0534  -0.0611  -0.0692  -0.0776  -0.0863  -0.0954  -0.1048  -0.1146  -0.1245  -0.1347  -0.1449  -0.1551  -0.1651  -0.1748  -0.1841  -0.1927  -0.2006  -0.2076  -0.2135  -0.2182  -0.2216  -0.2237  -0.2244  -0.2237  -0.2216  -0.2182  -0.2135  -0.2076  -0.2006  -0.1927  -0.1841  -0.1748  -0.1651  -0.1551  -0.1449  -0.1347  -0.1245  -0.1146  -0.1048  -0.0954  -0.0863  -0.0776  -0.0692
 -0.0611  -0.0534  -0.0460  -0.0389  -0.0320  -0.0253  -0.0188  -0.0125  -0.0062   0.0000
  0.0000  -0.0056  -0.0113  -0.0170  -0.0229  -0.0289  -0.0351  -0.0415  -0.0481  -0.0550  -0.0622  -0.0697  -0.0774  -0.0854  -0.0937  -0.1022  -0.1109  -0.1197  -0.1285  -0.1373  -0.1459  -0.1542  -0.1621  -0.1695  -0.1762  -0.1821  -0.1871  -0.1911  -0.1940  -0.1957  -0.1963  -0.1957  -0.1940  -0.1911  -0.1871  -0.1821  -0.1762  -0.1695  -0.1621  -0.1542  -0.1459  -0.1373  -0.1285  -0.1197  -0.1109  -0.1022  -0.0937  -0.0854  -0.0774  -0.0697  -0.0622
 -0.0550  -0.0481  -0.0415  -0.0351  -0.0289  -0.0229  -0.0170  -0.0113  -0.0056   0.0000
  0.0000  -0.0050  -0.0100  -0.0151  -0.0203  -0.0257  -0.0311  -0.0368  -0.0426  -0.0487  -0.0550  -0.0615  -0.0682  -0.0752  -0.0824  -0.0897  -0.0971  -0.1047  -0.1122  -0.1197  -0.1270  -0.1340  -0.1407  -0.1469  -0.1525  -0.1575  -0.1617  -0.1650  -0.1674  -0.1689  -0.1694  -0.1689  -0.1674  -0.1650  -0.1617  -0.1575  -0.1525  -0.1469  -0.1407  -0.1340  -0.1270  -0.1197  -0.1122  -0.1047  -0.0971  -0.0897  -0.0824  -0.0752  -0.0682  -0.0615  -0.0550
 -0.0487  -0.0426  -0.0368  -0.0311  -0.0257  -0.0203  -0.0151  -0.0100  -0.0050   0.0000
  0.0000  -0.0043  -0.0087  -0.0131  -0.0176  -0.0222  -0.0270  -0.0319  -0.0369  -0.0421  -0.0475  -0.0531  -0.0588  -0.0647  -0.0708  -0.0770  -0.0833  -0.0897  -0.0960  -0.1022  -0.1083  -0.1142  -0.1197  -0.1249  -0.1295  -0.1336  -0.1371  -0.1399  -0.1419  -0.1431  -0.1435  -0.1431  -0.1419  -0.1399  -0.1371  -0.1336  -0.1295  -0.1249  -0.1197  -0.1142  -0.1083  -0.1022  -0.0960  -0.0897  -0.0833  -0.0770  -0.0708  -0.0647  -0.0588  -0.0531  -0.0475
 -0.0421  -0.0369  -0.0319  -0.0270  -0.0223  -0.0176  -0.0131  -0.0087  -0.0043   0.0000
  0.0000  -0.0037  -0.0073  -0.0111  -0.0149  -0.0187  -0.0227  -0.0268  -0.0310  -0.0353  -0.0398  -0.0445  -0.0492  -0.0541  -0.0592  -0.0643  -0.0695  -0.0747  -0.0798  -0.0849  -0.0899  -0.0947  -0.0992  -0.1033  -0.1071  -0.1104  -0.1132  -0.1155  -0.1171  -0.1181  -0.1184  -0.1181  -0.1171  -0.1155  -0.1132  -0.1104  -0.1071  -0.1033  -0.0992  -0.0947  -0.0899  -0.0849  -0.0798  -0.0747  -0.0695  -0.0643  -0.0592  -0.0541  -0.0492  -0.0445  -0.0398
 -0.0353  -0.0310  -0.0268  -0.0227  -0.0187  -0.0149  -0.0111  -0.0073  -0.0037   0.0000
  0.0000  -0.0030  -0.0059  -0.0089  -0.0120  -0.0151  -0.0183  -0.0216  -0.0249  -0.0284  -0.0320  -0.0357  -0.0395  -0.0434  -0.0474  -0.0515  -0.0556  -0.0597  -0.0638  -0.0678  -0.0717  -0.0754  -0.0789  -0.0822  -0.0852  -0.0877  -0.0899  -0.0917  -0.0929  -0.0937  -0.0940  -0.0937  -0.0929  -0.0917  -0.0899  -0.0877  -0.0852  -0.0822  -0.0789  -0.0754  -0.0717  -0.0678  -0.0638  -0.0597  -0.0556  -0.0515  -0.0474  -0.0434  -0.0395  -0.0357  -0.0320
 -0.0284  -0.0249  -0.0216  -0.0183  -0.0151  -0.0120  -0.0089  -0.0059  -0.0030   0.0000
  0.0000  -0.0022  -0.0045  -0.0067  -0.0090  -0.0114  -0.0138  -0.0163  -0.0188  -0.0214  -0.0241  -0.0269  -0.0297  -0.0326  -0.0356  -0.0386  -0.0417  -0.0447  -0.0478  -0.0507  -0.0536  -0.0564  -0.0590  -0.0614  -0.0636  -0.0655  -0.0671  -0.0683  -0.0693  -0.0698  -0.0700  -0.0698  -0.0693  -0.0683  -0.0671  -0.0655  -0.0636  -0.0614  -0.0590  -0.0564  -0.0536  -0.0507  -0.0478  -0.0447  -0.0417  -0.0386  -0.0356  -0.0326  -0.0297  -0.0269  -0.0241
 -0.0214  -0.0188  -0.0163  -0.0138  -0.0114  -0.0090  -0.0067  -0.0045  -0.0022   0.0000
  0.0000  -0.0015  -0.0030  -0.0045  -0.0060  -0.0076  -0.0092  -0.0109  -0.0126  -0.0143  -0.0161  -0.0180  -0.0199  -0.0218  -0.0238  -0.0258  -0.0278  -0.0298  -0.0318  -0.0338  -0.0357  -0.0375  -0.0392  -0.0408  -0.0422  -0.0435  -0.0445  -0.0454  -0.0460  -0.0464  -0.0465  -0.0464  -0.0460  -0.0454  -0.0445  -0.0435  -0.0422  -0.0408  -0.0392  -0.0375  -0.0357  -0.0338  -0.0318  -0.0298  -0.0278  -0.0258  -0.0238  -0.0218  -0.0199  -0.0180  -0.0161
 -0.0143  -0.0126  -0.0109  -0.0092  -0.0076  -0.0060  -0.0045  -0.0030  -0.0015   0.0000
  0.0000  -0.0007  -0.0015  -0.0023  -0.0030  -0.0038  -0.0046  -0.0054  -0.0063  -0.0072  -0.0081  -0.0090  -0.0099  -0.0109  -0.0119  -0.0129  -0.0139  -0.0149  -0.0159  -0.0169  -0.0178  -0.0187  -0.0196  -0.0204  -0.0211  -0.0217  -0.0222  -0.0226  -0.0229  -0.0231  -0.0232  -0.0231  -0.0229  -0.0226  -0.0222  -0.0217  -0.0211  -0.0204  -0.0196  -0.0187  -0.0178  -0.0169  -0.0159  -0.0149  -0.0139  -0.0129  -0.0119  -0.0109  -0.0099  -0.0090  -0.0081
 -0.0072  -0.0063  -0.0054  -0.0046  -0.0038  -0.0030  -0.0023  -0.0015  -0.0007   0.0000
  0.0000   0.0000   0.0000   0.0000   0.0000   0.0000   0.0000   0.0000   0.0000   0.0000   0.0000   0.0000   0.0000   0.0000   0.0000   0.0000   0.0000   0.0000   0.0000   0.0000   0.0000   0.0000   0.0000   0.0000   0.0000   0.0000   0.0000   0.0000   0.0000   0.0000   0.0000   0.0000   0.0000   0.0000   0.0000   0.0000   0.0000   0.0000   0.0000   0.0000   0.0000   0.0000   0.0000   0.0000   0.0000   0.0000   0.0000   0.0000   0.0000   0.0000   0.0000
  0.0000   0.0000   0.0000   0.0000   0.0000   0.0000   0.0000   0.0000   0.0000   0.0000
