0
29
304
0
0
0
0
53
0
2
102
0
0
0
16
0
0
0
0
0
0
0
0
715
0
16
302
0
0
0
56
74
0
0
0
0
0
171
0
0
0
4
1189
10
0
219
427
0
0
27
0
0
0
0
0
0
7
309
0
2
0
228
0
0
0
0
0
0
0
0
0
536
6
0
0
221
0
0
0
0
0
0
0
0
0
24
0
0
0
206
0
0
312
0
0
0
55
0
0
0
0
0
0
5
0
0
0
478
0
2
0
716
3
1
0
0
0
0
844
81
0
0
0
2
0
1
1299
22
0
9
0
0
0
0
61
0
0
337
99
0
0
45
0
7
0
0
0
0
1
0
0
0
4
242
1
24
0
120
7
4
0
0
0
14
0
1
0
10
973
0
20
0
0
0
0
0
0
0
431
0
0
0
2
599
1
0
5
0
0
0
0
33
0
0
0
0
171
0
30
0
42
0
0
0
139
2683
73
0
0
0
0
0
0
1
0
42
13
0
166
20
33
0
0
0
8
12
43
0
0
0
1485
17
0
3
0
2
447
0
0
0
10
0
0
0
0
0
0
0
0
0
35
0
0
0
0
892
74
0
0
33
826
11
0
6
0
0
0
1
3
0
0
4
0
0
1
2
0
7
0
4
0
1241
0
541
326
0
21
0
2
0
0
0
53
5
0
0
0
0
0
0
929
0
8
10
0
0
0
0
124
9
0
0
9
6
0
0
66
0
0
0
1860
70
474
0
0
1
21
0
24
2
0
537
0
0
46
0
0
4
0
5
74
0
212
0
0
7
0
2
0
0
0
496
0
0
0
0
0
0
0
0
4
3
117
181
5
342
0
0
843
15
8
0
0
0
3
0
253
24
823
0
52
796
0
0
0
0
0
0
58
42
25
2
0
960
0
46
0
0
5
0
0
0
920
0
0
1326
61
0
13
54
0
0
0
0
18
1
0
1
35
0
2
0
399
0
10
80
116
0
0
170
7
112
0
0
2073
1038
8
0
48
0
0
0
744
0
0
112
0
0
9
0
60
0
0
0
0
0
0
3
0
0
0
160
13
29
1
0
0
38
127
0
0
0
3
6
0
0
0
0
0
58
0
0
0
63
1
0
0
0
86
1
0
22
2
0
0
0
0
0
176
0
0
0
0
0
0
0
0
0
11
20
0
0
0
0
274
28
0
41
0
1
1154
0
18
0
6
2
90
0
0
0
0
0
0
0
0
0
0
0
0
1
0
0
0
0
0
0
0
0
0
0
205
0
81
697
0
0
0
0
0
0
2559
0
239
1
3
0
0
0
0
0
0
0
0
0
0
0
0
2
0
0
0
0
0
3
0
725
0
0
6
0
9
0
366
32
0
0
48
171
5
3292
0
0
0
317
447
0
0
0
0
4
22
30
14
0
685
52
22
0
78
0
3
1
1
9
0
0
0
0
0
16
838
0
0
2126
1
0
0
47
0
0
0
0
0
363
0
48
0
0
0
0
0
12
79
0
0
0
0
1
0
0
5
14
0
2
1
0
0
0
0
6
0
119
1
0
0
231
0
0
0
0
0
0
0
273
0
0
1
0
0
0
0
0
0
1
672
0
9
0
0
1414
0
1
11
7
1
0
0
4
0
0
65
0
0
1
113
252
0
15
4
6
0
43
1843
1
0
0
0
0
0
0
0
0
0
32
7
0
3
482
0
0
0
154
0
0
43
6
0
560
0
0
0
0
0
0
0
0
471
1
14
0
596
1
0
0
295
0
1
45
0
0
22
0
1649
109
0
0
0
0
19
32
0
0
20
0
0
0
0
0
0
4
591
0
0
0
0
0
14
0
0
2
0
0
0
0
0
0
0
0
0
0
0
4
0
0
0
19
15
0
25
0
0
469
0
0
3030
0
2
51
0
15
0
2
17
422
0
0
0
2
27
46
0
0
0
0
0
0
0
0
0
391
8
14
0
51
4
104
0
0
0
1
0
1
1
14
1169
652
0
0
60
398
2
0
0
14
0
0
18
0
0
1
8
10
31
520
0
0
1
0
1
0
397
0
5
0
0
0
149
0
0
0
48
0
34
0
52
0
46
0
69
0
0
0
0
0
1
0
0
0
0
0
50
69
0
0
0
30
0
0
0
0
35
105
2
296
0
0
264
0
0
9
60
0
22
86
26
0
0
0
28
1
3
0
0
0
0
0
0
0
1953
1
0
1
0
0
3
0
27
1
345
10
185
8
0
0
19
0
0
0
5
0
0
0
0
0
2734
15
0
0
0
0
0
0
0
0
158
0
1759
105
0
0
883
0
9
0
0
0
19
1
1
32
0
0
0
0
33
0
0
18
0
0
140
11
0
1
0
0
0
0
0
0
1
0
0
27
0
3
0
0
0
0
0
0
0
63
0
98
0
0
0
1
0
0
0
0
0
758
0
1120
25
309
3
0
0
222
0
812
0
26
0
3
154
0
97
49
0
0
10
0
0
0
0
0
0
0
0
0
0
0
0
0
0
10
165
0
0
0
0
0
886
23
22
225
0
0
114
0
106
0
0
3
580
0
0
0
0
0
2
0
0
206
6
0
0
0
0
0
0
0
0
1
0
1916
0
538
0
0
1844
3
0
42
0
0
0
0
0
0
1
0
0
0
0
0
0
0
0
0
190
0
1
0
0
0
3
0
4
30
0
2
0
0
0
0
162
17
0
0
0
0
0
10
846
28
136
0
0
0
0
0
44
0
27
0
0
119
0
0
5
0
1
0
55
0
0
0
52
0
19
3
0
621
0
0
6
0
177
0
0
0
0
1
0
43
0
6
5096
0
2
0
0
40
169
26
0
0
0
0
106
0
35
0
0
1041
2
1
0
11
709
0
112
0
0
0
0
0
438
0
7
0
0
18
43
176
0
42
0
0
66
0
0
131
251
0
0
0
11
1
3
0
12
0
0
0
0
2
0
960
49
0
0
0
27
0
0
46
48
0
0
1093
0
43
1
0
0
0
0
0
0
14
0
1
170
0
0
18
358
51
0
0
0
177
0
0
59
843
1
5
6
0
0
0
0
0
0
0
0
0
0
0
0
682
0
0
0
0
4
5
0
23
0
0
0
0
17
162
9
0
0
0
0
0
2
0
133
0
0
0
0
19
2
0
0
4007
8
444
0
8
3
0
6
0
4
7
79
219
0
0
0
0
24
1
166
2
137
0
0
0
0
12
0
7
1
0
3
0
26
0
0
0
0
0
0
61
0
0
85
61
2
0
971
222
8
22
0
0
0
0
0
0
120
0
0
2
13
0
0
0
0
0
8
0
0
10
0
53
2
1363
0
0
0
0
2
108
25
6
0
4
0
0
0
0
236
0
199
0
0
0
0
0
130
0
18
0
0
0
179
743
0
0
474
270
1
17
0
0
0
1
0
14
3
0
0
2
0
104
564
0
2
175
2
0
0
0
0
0
0
0
0
0
0
22
211
0
0
2207
20
7
0
434
1
0
0
2
0
4
0
0
0
0
0
0
0
0
2
221
0
28
0
313
0
1
5
8
0
0
51
2
641
0
0
15
0
0
0
1
0
110
3
25
0
0
0
0
82
0
0
0
0
8
0
0
0
12
0
0
0
0
0
1
0
0
0
16
4
0
0
0
0
5
0
0
0
46
5
0
21
0
0
0
11
0
0
0
1
0
13
0
8
286
0
427
0
0
0
58
0
283
0
0
23
16
0
145
683
3685
0
1523
0
2
0
35
0
0
0
0
0
188
1364
0
0
0
0
2
0
0
0
0
65
0
47
0
33
0
1
0
15
5
27
0
35
0
0
0
0
1
0
148
0
1
22
0
0
27
0
0
0
0
702
2
0
0
17
0
0
6
0
5
0
1
0
0
19
598
0
30
0
0
11
21
132
0
0
387
5
0
76
0
520
2
0
0
13
0
912
0
0
0
0
38
0
2
0
1
0
2
0
0
0
110
0
0
16
0
6
2
0
0
0
26
0
3
0
4
0
0
0
1
5
0
0
0
332
0
8
0
0
109
10
2
2
0
5
0
18
0
1
0
0
0
0
0
917
0
0
25
0
0
0
0
0
0
0
6
0
0
23
0
0
10
0
1538
1
0
13
0
1
188
32
0
0
68
0
0
21
0
5
2
133
0
0
0
2485
220
4
1
7
7
0
0
0
0
0
50
1041
0
0
48
0
0
0
0
984
8
0
0
35
329
1059
1
0
2
0
0
1
0
0
0
47
0
0
1
0
0
6
0
0
92
4
0
0
821
849
8
0
7
8
461
1119
3
106
28
2
0
0
0
0
16
0
0
0
0
28
0
0
0
0
1
0
4
0
0
1
2
0
0
388
0
0
0
0
0
0
0
83
4
0
676
0
46
0
954
5
71
0
3
54
0
0
77
0
12
138
0
0
647
2
0
1249
0
0
0
32
157
0
0
0
41
0
0
0
0
0
7
0
0
6
0
0
1637
9
0
221
0
0
0
0
0
0
0
150
0
0
656
44
342
134
0
0
0
0
25
622
1
1
23
0
27
0
0
0
0
0
0
0
0
0
127
1
0
3
0
0
0
0
714
0
0
0
0
444
1132
0
0
0
0
0
0
13
0
0
0
7
0
91
0
0
0
577
0
285
819
0
1
0
1634
13
0
7
3
1
0
56
0
0
6
0
0
1
1117
1
38
50
0
0
0
0
39
11
0
0
0
4
83
2
0
0
0
1
4
0
41
0
0
0
0
0
0
0
0
0
0
5
0
0
35
0
0
0
0
0
235
1
0
17
0
0
1
10
0
94
79
0
0
0
0
340
411
455
1
0
171
0
3
0
0
0
0
0
0
0
1
0
0
0
0
12
0
0
0
0
0
15
0
0
0
1466
4
0
0
0
107
0
0
0
202
38
0
0
0
61
0
7
128
2
212
0
0
12
0
103
0
133
24
0
0
0
0
3
45
6
710
0
0
512
0
0
36
0
0
2
0
0
0
3
0
13
0
0
0
52
0
4
0
22
64
0
5
0
0
173
0
0
2
0
830
0
0
0
0
18
0
0
10
472
7
2
0
110
0
0
0
0
209
0
1
82
0
0
0
0
0
1350
0
22
0
67
159
0
3
7
74
2
0
6
0
21
2386
0
0
2303
0
0
0
671
53
171
2
0
0
594
0
0
36
0
88
0
0
12
0
3
298
0
0
0
1
316
0
997
0
0
0
4
0
572
881
70
0
15
0
1
0
5
249
26
0
41
248
6
0
159
659
0
333
0
0
22
30
0
0
0
0
0
0
53
30
0
3
295
4
5
2
0
1
0
0
0
130
0
0
0
0
0
0
0
0
0
0
0
447
0
0
0
0
1178
194
0
18
0
30
1
3
234
0
0
0
0
0
3
0
4
0
0
17
6
0
359
391
0
0
455
1
0
56
0
371
3
0
17
0
101
0
0
4
73
0
0
63
2
0
0
0
2
0
0
4
959
0
0
0
128
4
0
4
50
277
0
214
5
0
0
0
0
0
18
0
0
16
0
16
8
96
0
1
0
0
0
659
0
0
0
0
4
3
0
0
0
0
2125
0
220
73
0
0
0
0
8
1
0
4
0
0
414
69
0
0
108
2
0
0
0
0
0
102
0
0
1
0
0
0
0
0
298
1
22
134
0
0
0
6
1
0
9
41
0
4070
0
0
689
24
1
0
41
8
5
0
0
0
0
0
0
0
0
0
10
0
0
396
1
0
7
0
240
0
0
0
0
38
0
0
0
0
1044
118
0
0
0
0
0
1
9
0
0
0
0
28
10
0
0
1238
9
0
7
0
0
0
2
0
0
0
0
0
0
0
1
0
0
0
0
0
434
0
0
0
0
2568
0
0
88
0
253
0
1
1
0
0
0
0
0
5
0
0
2
6
484
0
207
1
0
0
0
0
0
36
0
1
0
1
1
0
0
0
2
0
0
0
0
5
3
0
0
0
29
0
53
767
0
6
0
221
0
0
45
0
72
0
0
0
0
0
77
0
6
26
0
0
0
0
0
0
253
3111
0
215
2
1
0
140
1
0
0
0
4
0
0
13
0
0
0
1
0
21
0
0
0
0
0
286
0
1
0
0
418
41
0
0
1
0
0
0
0
4
0
12
2
0
0
0
0
0
1
11
112
213
0
65
0
0
0
1886
6
0
0
0
97
0
0
0
0
0
88
0
0
35
1
0
0
0
0
0
16
0
5
0
183
175
48
0
771
0
111
271
1
0
121
0
0
0
0
1
0
0
0
204
3
0
0
0
0
4
0
3596
15
0
0
0
3
0
0
0
0
391
0
0
3535
1
146
4
77
10
0
499
15
14
0
0
1081
0
10
0
0
0
7
4
0
31
0
0
0
0
0
4
4
35
0
0
0
0
0
47
40
0
0
0
0
0
0
8
0
0
0
889
0
0
1
0
2
0
0
0
0
0
44
755
0
396
0
0
0
0
68
769
0
3
2
0
0
352
0
0
0
0
0
0
0
0
0
0
9
0
166
1
0
0
13
0
1
232
0
0
1
0
0
7
0
292
0
62
0
24
0
0
0
210
0
0
0
64
0
0
287
0
0
0
0
0
5
1502
0
14
0
0
0
0
0
0
0
0
0
0
1395
0
0
42
0
9
4
0
0
0
0
0
13
0
0
0
258
0
0
7
0
1
1
648
70
0
169
951
0
0
0
0
0
0
0
1
0
0
0
0
291
0
58
0
2
1
0
0
77
0
19
0
466
0
0
23
0
0
0
0
0
0
29
0
0
44
0
0
3
0
0
0
27
4
0
0
21
0
0
0
0
0
5
0
0
0
76
0
0
0
49
667
158
694
0
0
0
20
106
7
0
4
0
0
0
0
4
0
0
138
65
176
0
4
24
0
0
0
0
0
0
0
0
1
607
0
209
0
12
2
199
0
0
0
38
0
0
0
2
2
0
0
1
237
1
3600
1276
0
25
0
12
0
181
0
0
15
8
0
0
0
47
0
0
15
0
0
0
0
82
23
21
0
0
0
0
0
0
81
0
136
0
0
0
0
0
0
19
0
0
151
7
150
0
0
0
0
0
0
3
0
0
0
0
0
0
0
0
0
0
126
483
0
19
0
12
593
0
0
0
2
0
0
0
0
8
2
0
0
0
18
617
198
0
0
0
0
0
0
0
3
57
34
0
12
0
0
0
935
29
0
1
0
0
233
0
0
797
16
0
0
110
36
0
0
1069
1807
1604
0
147
399
0
39
6
0
0
0
0
0
2333
0
0
207
0
0
0
0
0
1
1005
0
0
0
1
0
30
0
0
5
105
381
0
3
0
75
0
0
1
0
1
0
18
5
2
0
0
12
0
0
0
9
72
0
0
0
1
38
4
4
106
13
6
0
3
0
0
0
1
772
1
1
866
90
0
0
69
0
0
0
0
0
123
0
6
0
0
0
0
1
0
206
0
0
23
0
0
0
0
5
1
174
2
0
614
0
41
158
0
46
0
0
2
0
0
0
0
0
0
0
691
277
1
6
0
0
574
68
561
6
139
151
0
1
0
0
10
0
0
8
0
0
0
0
6
0
0
2
2
0
0
0
2
4
6
2
0
258
0
4
0
68
11
0
0
0
0
0
0
2
0
0
17
2769
48
0
0
0
0
0
0
67
0
0
0
7
2
58
0
29
3
2
0
0
183
1
2
0
0
8
0
0
0
1
0
0
0
3872
32
4
0
378
18
0
0
0
0
0
0
269
0
0
40
0
0
0
175
0
0
86
29
11
3
0
0
355
2
0
0
0
148
0
0
0
65
0
30
0
0
2
6
0
0
0
0
0
0
0
0
6
2
0
142
1
0
21
3
49
0
379
431
291
0
0
7
1
0
687
0
0
404
5
180
0
58
207
86
0
0
0
5
1
198
0
14
0
2
1
0
0
0
576
0
439
0
0
0
0
1
49
454
0
0
0
0
0
0
0
7
0
2
1
0
40
463
5
0
273
0
144
2
0
0
1
0
10
0
10
0
0
0
0
0
0
0
0
0
936
28
0
0
0
55
0
2
0
139
0
20
0
19
0
0
12
0
0
0
0
7
641
268
1
0
1
0
0
1432
0
0
0
0
868
2
1019
0
19
229
0
2
5
898
0
47
13
0
22
0
0
0
0
348
0
0
561
2810
0
290
0
19
11
1675
37
0
100
129
113
2
0
10
5
0
0
0
12
0
0
34
2
0
0
3
86
0
18
0
2
0
0
0
0
0
1
0
18
0
0
28
0
0
0
567
0
2
17
0
1
9
4
0
0
21
0
0
0
451
0
1
209
0
0
0
1
0
0
1348
0
0
0
0
130
4
0
4
0
0
0
0
7
7
22
0
0
0
7
0
187
0
0
44
1367
106
0
3
0
5
408
130
0
1
0
0
0
0
331
1
0
477
0
478
4
2
0
2
19
0
0
0
2
146
63
11
0
0
0
0
2
0
0
0
64
232
0
0
0
0
0
11
210
0
80
0
530
0
0
0
39
0
0
77
31
0
0
0
0
0
0
6
0
0
0
2
56
0
0
710
0
1
72
0
0
0
783
12
0
0
0
0
0
0
0
422
0
644
9
0
0
0
9
0
0
0
8
0
325
0
0
0
0
0
18
0
0
0
0
8
5
0
0
0
0
2
0
7
13
0
0
6
0
56
0
218
53
21
64
0
1
0
0
32
0
0
0
0
0
0
1081
0
1671
7
0
96
5
7
387
599
0
0
1074
24
4
0
291
0
2
0
6
0
0
2
1
38
2
0
0
413
0
0
1
996
94
0
0
0
0
4
4
1
1
6
0
0
0
0
305
392
385
178
89
0
0
0
0
196
0
0
50
0
0
0
311
0
0
0
0
0
129
0
0
3
56
0
29
0
1
0
4
0
194
0
158
90
0
0
0
0
497
0
2
0
0
0
1
307
38
1
377
0
0
0
0
0
103
0
0
0
0
243
5
8
1338
11
0
0
0
0
0
7
0
8
0
81
2
3
0
4
1
6
0
257
9
1
3
0
0
0
38
2
0
49
0
0
0
0
0
0
3
0
443
1
0
0
1
0
81
3
0
1671
25
12
0
18
108
0
0
83
0
0
0
273
3
0
0
0
0
0
34
0
818
0
0
0
68
0
0
928
2
0
19
0
4
741
0
0
86
0
0
0
9
0
35
800
0
0
23
0
0
22
76
3
0
0
0
0
0
1
0
0
0
0
0
0
755
37
343
0
0
0
0
0
0
1350
0
0
47
0
0
4
2
0
0
3
0
0
0
0
0
0
0
1434
5
190
3
0
609
10
281
0
1
0
0
0
49
126
0
8
460
2
53
0
0
29
103
0
7
0
0
0
0
0
1
0
409
0
0
39
0
0
1
0
25
4
0
0
0
6
0
0
0
0
0
33
0
489
0
1236
0
0
8
0
11
1
7
0
0
0
0
48
0
0
0
0
0
371
77
0
2
15
0
0
49
121
15
1
64
5
0
0
0
0
0
0
0
0
0
0
2
0
0
872
91
1
60
400
4
0
0
383
0
0
27
0
155
0
0
609
0
428
0
0
0
31
8
2
4
10
0
0
300
163
0
0
1
145
0
14
0
193
0
0
0
0
0
0
0
32
127
0
0
11
0
0
878
0
1
0
1
0
0
0
0
542
1
0
0
490
0
0
2
0
0
0
0
0
31
0
676
0
0
0
0
0
0
0
0
0
0
0
0
0
978
0
4
0
10
2315
0
0
116
1
0
675
0
0
0
0
1206
0
7
5
1
59
0
0
592
0
0
525
0
0
0
31
0
0
0
530
0
1038
0
1
0
1
0
0
0
42
23
0
295
2
194
255
26
1584
0
0
0
0
5
0
2
0
23
0
77
22
0
138
12
0
0
62
0
1
0
95
0
0
2
827
1433
0
80
0
0
0
71
0
12
0
121
0
0
0
25
0
0
3
1
31
0
0
17
25
0
0
0
155
0
0
0
0
0
0
1
73
0
0
3
0
144
3
0
0
1
0
102
291
0
0
0
0
13
0
0
0
0
1
0
4
1575
0
0
0
0
0
0
1
1
40
2
0
0
216
0
77
31
0
1
0
0
0
38
0
79
0
0
0
0
2
0
98
0
1677
2
0
0
0
0
0
494
432
0
1497
64
832
0
0
0
0
0
17
63
0
85
0
0
84
0
0
0
0
82
0
0
0
27
199
0
0
436
1
0
121
3
0
0
0
0
0
0
0
0
0
0
0
28
0
0
0
0
0
0
2
6
0
1635
0
148
11
0
0
0
4
80
0
1
0
0
7
0
545
0
0
0
0
2
0
171
33
7
101
0
0
0
0
0
0
0
0
24
0
224
0
0
0
116
0
480
0
0
95
2
0
1108
0
1419
0
1
1485
3
0
11
0
0
0
6
0
795
0
0
0
300
4
0
8
0
0
0
0
257
28
0
0
0
0
0
0
0
0
0
0
0
0
0
147
0
0
0
306
27
12
3
0
2
21
89
0
23
50
0
4
0
0
0
960
0
0
0
397
0
0
0
0
36
47
0
0
20
0
0
0
0
0
0
1
0
0
0
5
0
1
0
29
0
0
0
0
117
313
0
0
273
0
2
0
746
2
115
1
611
0
0
0
0
0
0
0
240
0
0
0
2
0
0
311
0
2
1
40
27
0
0
329
384
6
0
3
0
0
0
0
0
0
0
0
0
3
0
0
0
0
0
0
0
0
0
0
0
0
0
28
0
0
364
119
199
0
3
0
0
26
0
0
0
0
0
1
0
26
0
0
0
0
0
149
20
1
0
0
0
591
0
28
306
0
0
1
0
115
0
0
0
2888
0
78
0
0
0
0
7
0
0
0
0
0
5
0
2
0
0
0
833
8
0
0
3
0
0
2
0
514
2
0
1682
0
44
0
0
0
43
60
0
1703
190
0
405
0
390
0
2279
2
1
0
0
0
1
0
0
0
47
5
0
0
30
3
0
0
20
1
345
2
4
0
32
0
0
1307
0
123
37
0
491
1
0
1
0
0
1
9
0
0
0
0
2
0
55
0
0
0
0
0
0
2
1
0
0
21
41
5
0
1647
373
0
10
0
1
0
0
0
841
0
0
0
0
0
0
0
11
0
0
0
0
5
0
0
0
0
0
0
20
258
188
0
0
0
0
5
31
2
15
0
0
0
0
0
0
0
0
1
11
0
7
0
0
0
0
0
0
272
0
0
1239
0
0
0
2
0
0
505
1
0
1
25
6
0
0
0
0
0
15
930
158
11
14
0
19
1
0
0
3
0
1
0
0
0
0
0
18
7
0
0
3415
0
0
0
119
0
0
3
0
0
0
241
6
0
1
349
117
0
0
486
313
0
430
0
14
0
0
0
0
0
93
0
0
0
0
0
187
271
0
0
0
3
25
0
61
4
0
2
0
0
24
0
0
0
68
0
0
0
0
0
66
4
0
5
0
29
2828
460
0
2
0
63
0
1
0
0
0
57
0
0
0
0
0
0
0
0
0
148
44
2
0
46
55
0
101
8
0
0
4
153
0
0
514
2
8
0
1
3
993
0
0
1
0
91
0
0
0
0
0
17
0
0
0
0
11
0
43
0
14
750
0
0
0
0
0
18
0
0
0
0
0
7
0
0
0
1
0
2
0
0
0
0
35
0
107
0
5
40
0
5
0
1129
0
0
0
0
8
6
0
0
0
0
727
0
0
0
7
0
0
0
337
0
1
0
0
44
0
25
608
25
0
239
39
147
0
2
0
2
0
0
2
0
0
0
698
97
1
0
2
446
0
0
47
0
0
82
7
0
0
359
3
0
1
0
0
528
0
4
710
2
0
294
0
0
0
6
0
1
55
0
5
0
0
2822
0
0
6
190
0
112
164
0
10
0
0
0
1
0
0
0
0
0
0
0
0
0
0
696
0
24
0
0
0
0
0
2
0
15
0
118
20
9
40
2
0
0
0
0
2
0
0
0
1160
1
0
2
4
2
0
1
0
1506
1
7
0
0
0
0
25
0
136
113
74
27
0
0
0
1
123
0
0
0
0
0
13
0
0
0
0
73
0
20
0
1621
440
0
917
0
0
0
0
0
0
0
0
7
12
0
856
0
2
0
0
1
3
0
0
0
0
0
0
0
0
128
0
0
0
0
0
0
0
0
0
0
0
199
0
0
0
11
0
0
7
4
6
2
0
0
3
0
11
24
0
0
26
0
1052
2
0
2
0
0
0
0
1
0
0
1
0
16
0
666
3
40
0
0
119
0
0
0
125
3
0
3
0
1
0
2
0
0
0
0
4345
0
0
2
3
0
2
0
0
0
0
0
0
0
6
0
0
0
0
0
0
6
182
0
0
0
106
0
40
0
0
1
0
335
0
0
0
0
95
0
538
2767
106
0
0
0
453
0
1
0
21
0
0
0
0
0
0
0
0
0
0
0
0
0
24
13
0
0
0
0
0
0
0
0
0
1
494
1
0
0
1018
2
2
0
1
6
0
1
0
0
28
20
0
0
44
0
2
0
0
82
0
0
25
0
1
671
0
0
0
0
390
0
30
0
0
274
1554
69
20
0
182
0
0
0
2
337
16
0
0
0
0
0
279
0
34
0
0
0
0
0
0
1699
0
18
0
0
135
51
0
0
0
0
0
0
0
11
0
127
0
0
0
1
0
0
0
0
0
0
28
0
2
0
0
0
140
0
9
0
0
0
0
0
0
15
0
0
0
9
0
0
3163
0
0
199
357
0
0
47
0
242
3
0
0
14
0
0
0
0
1575
0
1
0
0
0
0
0
0
0
0
565
11
0
0
0
92
0
0
9
0
0
0
928
4
0
0
0
0
55
5
0
0
0
52
123
0
0
10
0
1545
0
628
0
0
0
0
0
2
6
0
0
0
7
24
1238
0
0
0
33
0
0
0
0
0
6
203
38
202
355
0
0
0
10
0
0
0
103
88
4
53
115
34
0
16
9
0
0
177
30
0
0
0
0
3
0
0
0
0
12
6
0
0
1
0
0
0
277
181
348
4
427
0
1
0
81
0
0
0
39
0
661
56
0
0
1
0
19
19
0
15
0
415
1030
367
54
0
0
19
1
116
4
0
0
0
0
0
0
0
0
0
0
8
0
0
1
3
0
0
0
52
0
0
7
0
0
0
10
0
8
0
1357
0
1
0
0
0
0
39
2
0
0
1
0
54
0
2048
0
2
0
0
0
0
0
0
7
5
3590
11
3
0
0
11
267
0
0
23
0
0
0
73
7
0
0
0
10
18
0
0
0
0
0
0
28
0
60
210
427
0
0
9
0
0
0
0
0
0
0
0
341
0
0
0
0
42
2
16
0
229
0
0
1607
0
0
0
0
0
66
0
0
9
0
24
0
11
9
0
0
0
0
0
0
0
0
0
2
84
0
0
58
256
456
7
0
0
0
0
14
12
1
2
7
41
1
18
0
6
0
0
288
0
0
0
0
9
1
0
312
17
186
0
141
1
0
0
569
0
0
1
471
0
0
4
0
146
0
44
241
0
184
0
20
1468
46
0
0
0
0
0
0
0
43
0
0
0
14
1249
0
0
536
4
148
0
0
0
0
0
0
0
0
0
10
0
0
0
0
0
0
34
5
92
2
1040
0
0
0
40
118
0
11
0
344
0
6
0
0
120
0
845
63
0
0
4
223
0
0
0
0
0
91
0
1
0
0
0
0
1
0
394
0
0
0
0
0
14
0
0
0
0
3
0
184
0
0
10
0
0
707
195
0
0
8
0
0
79
0
0
104
0
0
0
0
10
0
0
0
15
0
4
0
227
169
1
1
5
0
2
0
4
0
9
0
0
0
0
0
0
1
0
12
0
0
70
0
0
0
2266
0
0
0
0
34
1
0
2
0
0
0
0
0
0
0
0
0
0
2651
1
0
0
0
0
0
0
0
0
0
0
266
0
1
0
0
22
13
0
0
1
14
2
3
0
0
168
0
3
8
18
0
0
511
0
0
0
0
0
75
0
1
0
97
0
0
2016
0
9
0
0
0
0
0
0
8
0
0
0
4
0
0
0
0
1
0
652
0
145
8
0
2
0
0
0
0
0
0
0
0
0
13
1
0
0
353
0
0
0
31
0
0
0
97
0
1296
18
0
0
0
0
0
0
0
0
0
55
0
0
0
0
0
39
0
0
0
268
23
3
0
0
0
0
0
0
0
0
0
5
37
0
0
0
0
0
0
0
16
0
8
0
516
1
0
4
0
1
23
0
0
0
0
15
31
0
0
117
1
15
543
0
0
0
8
0
317
0
0
0
0
0
0
0
0
0
0
0
39
1
0
0
0
0
0
0
28
0
0
30
27
743
1
0
7
31
6
2
2
0
0
0
0
0
0
0
648
29
14
0
154
0
0
0
0
0
1
18
10
0
0
791
38
0
0
0
1
0
6
1
0
10
0
0
0
2012
0
0
447
0
254
64
0
0
0
17
2352
2071
0
0
1799
0
0
22
0
0
0
2
0
813
0
2
0
38
0
0
0
5
89
0
726
189
17
0
0
0
0
0
17
0
12
0
0
1
0
254
86
0
14
1
6
0
40
123
683
0
0
155
110
0
0
17
0
22
34
0
0
1035
64
0
27
0
0
0
0
0
0
0
0
0
531
0
0
2
6
0
0
0
0
1
0
0
0
0
0
0
220
0
0
5
6
40
0
1
0
114
0
0
326
26
0
130
204
0
6
60
0
0
0
543
0
0
218
3
0
0
0
0
486
0
1
0
0
707
0
2
20
88
0
409
26
0
0
0
0
0
0
0
0
178
0
0
0
0
0
0
0
0
0
68
2
0
1700
266
0
9
0
0
0
0
99
132
0
0
6
1
0
0
0
15
0
160
0
74
102
0
0
0
0
0
0
0
0
0
568
91
0
0
0
60
0
0
0
106
77
3
55
0
0
4
0
0
1
0
0
346
227
3
0
2
2
1
0
0
1
0
0
0
0
8
8
0
0
389
90
0
86
7
0
63
0
0
0
0
0
0
0
0
16
61
1
124
466
0
0
21
4
14
1394
108
0
0
95
88
1
456
0
0
0
0
410
156
0
0
798
0
0
0
0
0
0
0
4
0
0
432
283
68
0
0
4
0
0
0
0
14
1193
6
0
0
0
0
0
0
97
0
0
0
0
1
1
35
1145
0
7
0
0
0
0
16
0
5
0
0
4
62
110
1293
0
0
0
41
29
0
0
635
0
191
234
0
145
3
0
0
4
3
0
141
0
0
1
0
0
178
0
0
1350
0
0
33
0
40
0
59
1622
33
0
0
7
0
0
5
0
113
37
0
0
0
5
0
0
0
0
0
0
0
0
0
0
4
145
2
69
0
0
0
93
0
910
0
0
0
235
0
13
0
0
0
0
0
0
0
0
0
4
28
0
0
140
0
0
0
229
2
0
0
40
0
2
0
0
0
0
0
0
130
0
0
799
655
16
0
0
0
267
0
39
27
2
0
26
110
0
22
14
255
37
12
0
1
0
0
3
4
5
0
0
14
0
0
0
4
0
1
707
0
0
0
181
1
7
0
0
0
939
0
1
0
2
0
0
43
1
3
0
937
3
11
9
0
0
0
3
1
0
0
0
0
831
0
677
0
0
22
0
82
0
1040
60
0
536
0
0
0
0
0
63
0
95
0
223
0
659
0
29
66
0
0
0
0
107
0
5
0
0
0
198
843
489
1
0
0
0
0
0
1
3
332
0
1
0
5
0
1
0
36
1
20
0
0
2
4
0
0
413
0
13
0
0
0
3
7
200
0
0
1
0
0
0
125
45
226
1
1
0
0
0
8
1
0
0
0
0
0
0
0
4
1
0
96
1
0
0
1556
0
2
2532
1
32
0
0
119
733
0
1
0
0
637
0
0
0
0
0
1654
288
145
12
1
0
6
1
0
65
4
0
4
0
0
0
0
4
476
95
0
0
0
25
0
21
0
0
0
1558
0
0
0
47
1
284
0
16
12
0
0
9
0
0
0
12
192
0
0
156
0
0
1
0
168
60
15
0
9
2944
0
0
40
0
1768
120
0
0
36
20
0
7
1
0
0
52
0
0
0
0
0
241
9
0
345
15
0
0
0
0
32
0
751
0
3
4
1
0
0
0
1
0
0
1
0
2
19
0
3
0
0
4
0
0
0
0
0
43
0
4
0
20
0
0
0
0
6
1
58
0
0
0
0
0
0
0
845
0
0
0
0
1504
417
0
0
0
3
0
0
0
3
0
36
0
0
3
0
0
55
726
36
145
0
38
0
0
0
0
32
0
0
912
0
30
0
10
5
660
0
95
0
0
0
0
46
0
0
0
0
0
0
0
0
0
93
0
1
1
0
0
0
244
482
0
6
0
2
0
0
1510
0
384
0
19
0
0
7
2
5
3
0
0
0
0
82
16
1
94
0
0
10
0
1
0
0
0
0
1
0
102
360
0
0
0
80
6
0
0
0
21
730
0
0
0
0
0
0
3
263
624
22
0
0
0
2
1617
308
0
0
0
0
0
0
0
0
0
0
2
0
0
0
0
0
81
773
6
78
1
0
0
0
361
0
0
1
154
0
0
0
7
16
10
0
167
0
1
612
0
0
7
0
6
0
0
0
0
0
96
0
172
0
30
0
40
33
33
0
0
7
0
0
0
2061
0
0
57
40
0
0
63
3
0
0
11
22
1
29
11
844
5
4
0
0
0
14
60
0
0
0
0
0
0
0
14
4
0
96
33
0
0
168
0
778
0
1
43
0
733
473
11
0
0
0
2
511
0
0
0
0
2
0
1
0
891
0
176
0
6
1
0
0
246
0
73
0
16
0
0
0
0
0
7
905
1
0
1
0
25
0
0
0
0
2
0
443
393
0
0
0
320
0
10
219
0
49
78
0
33
0
0
81
11
0
2122
1
0
0
84
346
0
0
0
11
2
1
0
0
5
0
7
735
304
80
0
0
0
0
1
0
62
1
0
0
0
0
0
8
0
0
0
439
263
0
1
0
0
0
1
0
15
3
26
0
8
0
1
0
0
4
88
27
90
0
0
0
0
0
0
32
16
5
1
0
0
0
0
0
0
0
0
3382
15
0
0
1
0
0
0
43
184
32
34
0
0
0
0
0
0
0
0
561
0
0
442
0
0
4
0
15
0
0
0
253
0
0
0
8
18
0
0
32
0
0
0
0
0
0
0
41
0
761
11
2
2
752
0
1
1
0
1
191
0
231
0
0
295
24
16
1087
0
52
33
0
3
11
0
2
0
0
0
8
1
0
0
0
0
18
0
42
2
0
0
62
100
703
0
0
16
0
5
0
0
0
13
0
106
0
0
668
1
4
0
5
0
0
4
303
0
0
36
0
42
0
0
20
0
0
0
0
27
0
0
1
38
0
0
0
308
0
0
0
0
1
0
0
0
0
1
19
0
0
130
0
0
1588
1220
0
0
0
0
0
35
0
0
0
20
13
0
0
1
0
0
27
298
0
27
6
0
19
0
0
0
0
471
25
0
112
1
0
0
709
244
0
3
6
0
64
0
11
2
1
0
0
0
0
2
0
0
0
1770
5
0
0
557
0
0
0
0
0
76
30
2
0
0
0
0
39
107
0
0
15
0
5
0
0
1157
2
0
0
2
0
0
15
0
0
0
0
172
9
0
0
0
0
0
43
140
967
138
0
0
0
3985
0
0
9
0
1
0
0
3
0
106
0
64
0
0
0
7
48
0
2
1
242
0
35
0
0
5
40
0
0
0
0
0
179
0
0
0
0
1542
0
0
10
0
0
1
0
339
0
0
0
0
0
0
11
1288
392
0
0
0
4
0
0
0
0
0
1
1
52
1
56
0
13
0
0
0
3
15
1
0
164
0
0
21
0
0
0
0
0
3
0
0
1459
115
0
0
0
132
0
600
18
0
0
47
2
1
0
204
0
6
3
0
1
0
0
0
0
0
0
0
0
135
0
0
49
0
1753
0
0
116
0
0
0
65
0
0
0
0
0
0
940
0
122
0
0
0
0
0
296
14
0
0
0
0
0
0
15
0
0
0
0
0
29
0
0
68
0
0
1
154
413
0
82
0
0
0
0
0
0
2055
2
0
0
1
3
0
3
0
0
0
0
136
77
25
0
0
0
0
0
0
84
33
0
615
0
0
0
1
2
0
0
0
0
5
427
0
0
0
131
1
0
0
0
0
0
0
12
0
1
59
4
4
0
0
0
1
0
1
0
0
2031
0
9
0
0
0
0
0
0
0
202
0
0
2
84
0
51
3
0
0
40
0
28
0
70
216
0
0
0
0
33
0
0
0
0
2
0
0
0
5
0
2544
0
0
13
14
0
0
0
1100
182
0
3
0
0
0
201
0
0
0
0
470
5
39
23
0
0
0
0
34
15
1
1
0
0
0
0
0
0
0
0
3
443
0
0
0
360
1
54
13
0
0
155
2017
0
2
0
84
7
0
183
43
0
0
0
0
0
0
8
0
400
1
0
0
0
0
1
0
0
862
0
136
1280
0
1
275
2
0
0
0
32
2
242
0
6
1
122
5
8
0
0
0
0
116
123
0
0
0
0
9
0
0
4
13
14
0
0
0
2
0
4
25
63
0
0
0
3
0
0
0
0
0
2
0
1
679
25
0
0
0
0
2
46
278
0
0
303
0
0
0
26
0
0
20
0
7
470
1
31
646
0
56
0
0
4
0
28
0
29
5
0
146
0
3
0
0
0
0
1
0
0
0
4
13
0
1871
0
1
1
0
0
0
0
0
7
0
0
0
0
0
184
1
0
17
0
0
145
0
0
0
0
0
121
136
0
0
0
3
0
20
381
0
0
0
0
0
4068
0
0
0
1
0
1
1033
0
0
0
4
0
0
28
0
1
0
460
0
0
9
48
0
0
7
0
0
0
0
10
1
1
19
79
0
0
458
10
403
0
0
0
8
0
0
0
0
0
0
538
0
8
1
0
0
0
973
0
3
10
0
216
19
0
21
10
103
0
93
0
0
0
0
0
1
193
149
6
0
0
0
0
0
0
1003
216
0
1
0
0
0
0
240
0
1
0
2
0
0
0
30
0
0
0
0
0
0
0
692
75
0
0
0
3
2
1
0
0
1
0
10
34
2
0
1
0
666
0
52
0
0
0
0
0
0
0
32
0
0
0
0
0
17
0
0
0
0
0
0
0
0
16
0
0
0
1
5
3
2
0
0
0
1
5
0
44
278
190
0
59
265
0
8
1
1
241
0
4
0
33
285
54
0
2
267
0
51
2
8
0
0
0
187
0
0
0
5
99
0
1
0
0
0
0
0
0
0
0
3
254
1
0
278
45
0
331
220
0
1
0
0
40
0
164
0
11
3887
0
151
0
0
0
65
0
0
151
1
0
0
0
0
0
3
39
0
3
0
0
0
0
0
4
424
0
62
373
1109
0
0
0
16
3
1650
0
0
0
1
909
0
7
0
4
69
4
1
0
2
0
1
104
0
18
0
1130
1
137
0
0
0
0
0
0
4
463
0
0
110
0
0
0
0
103
0
0
0
1
0
1
1
0
23
474
6
0
41
635
0
6
0
968
0
4
0
71
0
1
1
1191
29
0
12
0
0
0
0
1
0
0
0
704
0
2
9
0
0
13
0
0
0
0
0
0
75
0
36
0
0
0
0
0
0
20
8
0
0
4
0
194
60
0
0
0
55
1090
12
0
0
0
104
0
3
2
0
10
171
762
53
0
0
1
1137
0
5
0
1
0
0
0
1
47
3
337
3
0
1202
60
254
0
0
0
0
0
0
0
8
0
0
0
0
0
0
0
0
7
0
0
0
0
0
0
240
0
0
0
0
0
0
5
0
0
0
0
22
0
0
0
0
508
0
0
554
0
0
0
0
9
2
0
1
1415
0
0
41
0
0
0
0
1
4
9
94
0
0
2
0
0
559
0
17
0
0
0
775
0
1211
0
0
241
16
1
0
0
0
89
0
0
0
0
6
8
0
0
0
0
0
0
0
61
0
1
0
1276
26
638
4
1
0
0
0
0
1
0
0
0
847
0
0
1
0
6
0
55
19
1
2
301
1023
0
0
0
509
0
0
3
0
0
26
168
0
89
0
0
0
104
0
0
6
0
0
91
114
0
0
0
0
88
0
0
1
0
0
0
0
0
0
56
916
0
0
0
202
9
61
2902
0
0
0
183
0
0
11
0
89
0
0
0
0
0
9
90
7
0
0
37
3
0
0
24
0
105
5
0
0
2
0
0
0
0
5
0
0
0
0
21
1
137
0
0
0
0
0
0
0
0
0
0
0
0
0
0
0
3
0
30
0
0
0
6
0
56
0
2
0
3
2
0
89
46
39
0
0
757
0
817
0
0
2
0
0
97
2021
8
7
0
3
0
0
164
0
0
0
0
0
0
0
0
0
195
0
0
236
0
142
2
0
0
1002
10
0
0
0
1
1
0
75
73
589
1
0
0
0
53
1
0
0
0
0
0
68
0
0
0
0
19
0
0
0
4
0
0
0
0
0
0
0
0
0
282
0
0
100
1
0
0
0
498
0
1
0
449
0
0
0
0
643
16
2
145
6
12
2
555
0
0
0
0
0
3
0
0
0
84
2714
0
0
39
0
0
0
0
338
0
10
4
0
0
2
20
4
0
0
0
0
0
0
0
0
6
0
0
0
0
2330
0
0
0
0
0
3
0
0
0
4
1
25
94
0
0
7
0
1
0
425
2
0
0
0
0
0
0
0
0
0
0
6
0
2
0
0
2
0
0
297
0
0
0
0
6
6
2
0
0
281
1292
12
0
0
0
147
1
1
2
3
19
5
36
13
0
0
1270
0
255
1
0
55
27
0
0
0
198
0
0
0
0
1381
13
0
38
2
14
1
0
0
0
1
0
0
0
0
26
0
0
2
1
0
0
0
0
53
0
593
0
0
0
13
0
23
3188
0
0
82
5
0
0
32
0
0
328
0
169
0
0
28
2
0
2750
1
0
0
0
0
0
0
13
0
0
0
0
1
32
0
104
0
80
1
0
0
42
0
1
0
0
0
110
0
223
957
0
0
0
62
0
0
0
0
181
3
0
0
3
1
0
2
0
0
25
0
0
0
307
0
0
46
3261
0
92
65
0
0
0
0
0
14
20
0
26
0
0
0
1
0
0
0
0
0
0
0
0
0
0
0
0
318
0
0
26
0
0
402
0
0
4
0
0
0
0
29
5
0
1
0
0
71
6
243
381
0
0
20
3
0
0
0
0
0
0
0
8
4
0
0
0
8
33
0
13
0
0
6
11
122
399
135
1230
2
33
200
374
0
7
0
0
20
0
213
0
0
0
0
0
371
952
67
2
0
4
0
65
0
0
1
35
0
0
0
60
0
0
0
0
0
6
0
4
0
0
0
0
0
0
0
43
0
1
0
0
0
0
1
45
18
4
0
0
0
0
0
0
0
0
0
0
1
4
0
0
0
0
213
235
0
0
56
0
2
0
339
0
3
0
0
0
0
0
0
0
0
2
879
0
0
297
0
0
1720
248
0
0
762
0
1
1
0
0
0
0
0
0
0
3
190
0
17
0
521
0
1
5
0
0
0
0
417
0
0
8
0
11
0
4
18
0
65
500
0
0
10
0
31
0
0
0
0
0
1
45
23
0
0
997
0
0
85
0
0
0
0
0
0
0
0
16
32
49
0
0
449
0
0
61
2
0
0
0
0
0
297
0
0
350
0
0
2
0
3
0
0
29
0
1
1
1
0
0
0
3
0
0
0
937
0
0
1
2490
29
1203
16
0
28
0
0
139
4
0
3
0
0
22
0
0
0
0
0
0
16
18
0
0
338
0
0
6
0
4
306
0
44
117
0
0
971
0
0
1
207
0
23
0
1
592
0
1
12
0
0
0
27
0
0
0
22
223
1031
137
0
21
1500
221
16
0
0
0
0
0
0
0
0
1887
0
0
245
1
0
0
36
188
22
0
0
0
0
0
41
68
15
0
2
0
0
0
0
1
0
0
0
32
99
0
0
0
349
0
1
39
0
0
0
219
0
0
0
2
2
0
0
0
269
701
0
370
591
0
31
0
0
0
95
0
326
0
71
0
3
0
0
0
0
2
0
577
0
0
1
3
0
0
131
1
204
0
0
0
6
0
0
0
8
322
0
0
0
0
0
1
4
0
0
0
0
0
7
3
0
147
0
30
1860
0
0
0
0
0
3
0
0
0
272
0
0
0
270
0
0
1
6
0
44
10
556
9
0
0
48
6
1
1
33
0
108
0
0
1
0
1
72
0
18
0
0
0
0
0
0
1
0
3
0
0
0
0
0
2881
0
0
17
0
0
1
191
0
1
0
149
0
22
79
0
5
49
0
0
0
0
0
655
0
0
63
26
5
0
0
0
0
0
670
0
0
7
0
0
0
6
18
1
0
0
0
0
400
0
2
0
0
9
24
0
545
0
0
2
0
0
388
0
2568
15
0
0
0
0
0
0
0
0
2
0
1
19
56
2
7
0
33
0
0
1427
0
0
16
0
0
0
30
0
6
53
0
2
132
0
62
0
2
0
0
0
0
0
0
0
2
0
0
0
61
18
1
0
56
0
0
0
0
36
161
0
0
0
0
0
0
1
0
654
0
65
0
19
0
2
0
0
1020
0
0
2287
0
80
0
0
0
0
1
0
0
4
316
0
0
27
0
12
0
0
0
0
0
463
0
0
943
1
0
0
1
655
0
0
0
18
7
1
31
0
0
0
0
0
48
41
2
0
550
115
0
0
5
0
48
4
0
0
0
0
0
0
0
16
0
0
0
4
18
1562
600
77
0
30
0
0
0
81
0
3
1625
0
58
1
13
0
1
48
0
0
0
0
1370
0
5
213
0
0
0
0
0
2
232
