0
345
0
21
0
0
0
0
174
9
0
0
6
0
35
58
0
27
87
0
0
305
1378
0
56
12
0
2
176
0
0
1439
327
4
838
4
8
30
0
163
0
0
0
0
9
0
0
0
0
0
0
0
15
191
1
0
505
0
0
0
1
0
43
2
0
2
0
0
0
0
0
2
0
405
0
11
0
0
0
686
0
3
0
2
0
0
0
0
0
0
0
0
0
0
16
0
0
14
0
4
262
332
0
13
0
0
0
0
0
0
1
3
20
260
0
2
8
0
24
97
423
0
1
0
248
26
0
0
6
0
0
0
0
0
0
41
157
2
0
1
0
0
2
4
0
3
0
0
0
1
0
3
0
2
0
0
0
58
0
0
0
333
0
0
0
0
0
0
1
436
211
0
0
874
0
582
29
6
0
758
3
0
0
1
0
293
0
0
0
0
37
1
0
39
879
1
0
3
0
0
152
984
0
13
0
0
1
0
106
19
56
0
0
0
0
0
0
0
0
1
223
38
0
0
0
30
0
0
0
0
153
16
0
26
0
26
0
1
0
0
74
0
27
0
0
0
1
0
3
6
0
0
83
0
0
0
2
0
4
0
28
0
0
3418
0
2
0
0
0
0
0
0
3
0
2
8
1
43
0
0
0
4
66
0
0
0
0
0
0
0
0
0
5
294
147
0
0
0
0
1
47
351
7
0
794
46
1
0
6
2
0
0
7
0
0
0
0
0
0
504
216
0
0
0
0
0
10
0
0
0
0
0
0
0
116
0
0
0
0
21
0
0
1
0
0
0
0
0
128
301
0
0
18
95
52
0
1516
1
922
0
1
72
5
2
0
0
1095
0
0
0
0
8
2
4
0
0
5
0
0
0
1134
0
2
1
0
0
350
0
0
0
4
0
0
0
0
1
88
0
3
0
57
1
0
0
3
0
2
0
0
0
6
0
0
0
13
0
1
234
0
0
0
1052
0
40
213
0
0
189
0
0
2
98
0
0
0
0
0
0
52
0
533
0
0
0
0
256
0
0
0
23
0
0
0
0
18
3
0
1
0
21
0
0
10
0
285
21
0
0
0
5
208
26
0
1174
0
10
491
0
0
43
0
336
1
0
83
0
0
45
0
445
1214
0
0
0
0
0
0
0
0
1
0
12
0
0
4
0
0
0
555
0
0
0
14
244
0
28
0
0
0
0
764
0
135
0
7
0
0
0
0
0
0
0
0
0
14
0
5
0
7
0
0
3
2
0
8
2
0
0
1448
0
29
0
2669
0
0
0
1
0
10
21
0
126
1
0
12
1
76
22
0
0
1
0
20
0
0
150
0
0
0
4
0
11
12
0
303
0
1
0
151
123
10
0
572
0
0
0
0
290
0
5
0
1
0
0
0
0
215
0
0
0
0
2
0
1
0
0
0
0
0
6
88
85
12
0
0
405
0
0
0
0
0
0
0
0
0
0
0
0
78
295
0
423
0
0
0
359
5
121
0
0
78
7
0
1226
0
0
0
861
0
8
1833
0
379
0
0
40
286
68
75
0
0
0
0
0
0
0
1
4
69
0
0
0
0
0
1
0
0
0
0
0
0
0
0
0
197
1
0
2
0
0
0
0
0
0
62
0
16
4
95
118
0
234
88
0
0
30
0
0
12
0
0
0
0
2
0
0
0
0
0
2
0
0
0
7
0
0
36
0
0
20
384
69
0
23
620
39
0
20
0
0
0
75
0
0
0
0
0
38
73
0
32
0
1
0
0
144
29
1
0
0
0
0
0
0
0
17
0
0
0
0
0
21
0
0
0
13
212
2
0
17
0
0
0
42
0
9
0
295
7
0
35
0
98
85
0
1
0
8
0
0
0
0
0
128
0
0
381
47
0
0
0
0
149
0
0
0
0
0
0
1
0
0
0
0
0
24
4
0
0
0
13
0
22
1
0
10
0
29
0
0
2
0
1980
0
0
765
1
0
16
0
0
0
3
45
16
0
4
0
0
0
0
0
0
0
6
0
322
0
0
27
0
1
0
0
0
0
224
46
0
202
25
0
0
184
6
0
0
5
0
473
13
0
0
0
68
0
0
0
0
115
9
2
0
0
0
109
0
0
12
0
75
201
0
0
0
0
818
110
2
0
2
0
0
3
0
89
0
0
0
0
0
28
0
59
28
0
1518
0
0
10
0
100
0
0
0
0
11
1
143
0
260
113
6
0
0
1
0
0
377
0
33
0
16
110
29
5
713
5
0
96
0
0
125
299
0
0
0
0
0
38
0
71
557
0
281
0
2
0
16
30
933
0
72
0
0
0
227
0
0
0
0
0
246
74
104
1
1
116
320
57
28
285
127
0
1
0
31
0
13
81
22
4
4
30
0
2
0
0
0
79
0
1
0
0
0
0
0
0
0
0
267
0
5
0
0
331
0
356
0
153
266
0
2
2
0
0
0
29
1
5
0
0
0
0
376
359
0
0
11
0
0
0
0
0
37
0
0
0
0
0
0
0
311
0
0
0
0
0
0
1799
0
0
119
0
0
0
0
0
0
184
50
0
0
0
5
367
0
104
0
0
15
8
0
0
1
0
790
757
0
0
54
0
149
0
0
0
0
176
38
33
0
0
0
487
14
368
0
0
304
0
0
0
0
0
3
72
351
0
0
0
0
0
84
46
110
240
53
0
0
0
58
0
52
0
0
2
0
4
0
1
2
231
1
3
2
0
61
0
0
1
41
0
0
0
0
0
0
216
0
1
0
1
0
17
0
0
5
2
5
15
0
19
706
0
0
1377
1902
0
87
0
0
0
0
0
87
0
0
0
0
0
0
0
0
26
0
517
295
0
0
106
0
7
21
5
0
0
93
0
0
1019
0
0
173
0
0
0
0
36
0
0
0
0
0
0
0
1154
0
0
0
0
9
0
1131
0
222
0
0
1
1
41
797
23
33
0
3
0
0
0
9
0
0
57
0
0
0
0
0
0
0
0
29
2
1
132
0
0
0
0
0
0
0
0
0
0
0
12
0
92
0
0
0
0
911
0
126
0
68
32
0
0
0
0
345
1
752
0
33
1
0
8
0
0
0
4
3
2045
26
0
0
0
0
0
31
657
18
0
95
0
1
0
0
0
0
0
0
0
0
0
0
0
0
0
0
13
0
316
8
0
0
0
0
0
0
16
16
0
0
0
0
10
0
0
0
0
0
36
383
1
1
0
0
136
0
0
142
296
9
0
0
1
0
12
197
116
0
0
0
0
0
0
11
0
0
0
0
25
1256
345
0
0
0
0
8
0
56
0
0
7
0
509
464
1
0
0
32
14
0
0
7
0
0
0
333
4
0
0
0
24
4
19
0
12
15
1178
0
0
0
11
0
0
0
0
2
101
92
4290
0
0
0
0
5
1
0
0
0
0
26
0
85
0
0
0
0
0
0
214
1
0
0
0
1
70
2
0
0
6
0
214
0
164
0
0
0
293
226
0
0
0
0
0
13
0
2
10
98
0
41
0
0
131
31
0
12
1
49
228
0
0
9
218
0
0
0
2
12
112
0
203
8
0
0
0
22
0
4
0
21
0
0
429
0
41
0
0
1
1
5
228
0
0
17
0
41
0
0
0
87
0
0
0
0
0
0
0
0
0
28
0
53
0
22
151
0
0
0
26
175
0
0
4
17
0
264
0
0
0
16
0
0
0
3
0
536
0
0
0
0
19
1
0
0
0
2
0
0
65
1161
0
0
0
187
0
0
110
37
10
4
0
0
429
8
62
0
28
0
0
1
2
0
16
0
33
0
618
0
0
0
9
0
0
351
553
0
0
30
93
602
55
0
0
0
2
0
0
245
3
151
328
34
0
5
0
0
0
168
42
0
0
0
0
0
4
8
0
385
0
4
0
0
0
0
0
0
0
109
0
0
0
2
0
617
0
1
0
0
5
0
28
0
972
223
13
135
0
25
0
0
7
0
4
0
0
0
169
0
0
105
46
0
0
0
0
0
0
254
0
1
119
0
0
0
0
2
0
0
53
77
0
0
1
229
0
0
45
0
1
0
1
0
0
0
1
0
199
276
0
0
328
0
0
0
87
0
4
2
0
951
0
244
632
0
1
0
2
62
0
0
0
6
0
6
0
313
0
0
0
0
0
0
0
0
0
38
66
0
0
0
0
0
127
10
0
0
641
0
0
0
0
0
4
0
739
0
0
69
0
0
102
0
0
84
0
0
0
2
0
0
1
0
1
0
0
27
0
0
0
214
13
0
830
7
0
156
40
0
0
0
8
11
0
0
0
0
4
18
511
9
2
0
1
0
0
0
2
0
31
54
7
0
3
0
0
0
0
0
0
165
69
0
0
5
42
0
0
0
276
0
1
3
77
0
0
0
1
0
3
0
99
0
43
118
10
0
0
0
0
0
2
3
0
0
1
0
0
1
0
0
278
32
0
2
2
132
0
8
0
0
0
0
0
0
0
3
0
0
0
0
500
0
0
0
0
0
0
0
7
1
2
0
1
0
0
0
0
674
391
0
0
0
72
0
0
0
0
0
0
8
0
0
0
172
1
0
1
0
114
0
94
0
0
0
0
793
0
1
51
17
0
0
0
0
1261
0
22
0
1
0
0
0
0
0
0
5
7
2
371
0
0
1
0
0
4
0
216
13
0
254
0
0
0
0
13
0
0
53
0
94
2
0
0
0
89
0
115
6
0
0
363
0
18
0
5
2
258
0
883
0
1
0
0
129
2
0
1125
424
53
0
0
0
0
0
21
0
0
0
5
0
0
0
0
0
9
0
27
3
13
0
0
0
0
0
0
1
0
107
2
527
262
0
233
171
0
0
0
0
0
0
50
0
0
0
26
0
0
0
5
0
0
7
0
0
62
0
0
5
0
333
0
2
0
776
0
0
2
0
49
0
0
2
5
901
1
1
0
0
0
0
100
23
0
0
169
0
0
0
0
0
122
0
18
0
0
1337
0
4
0
0
0
0
0
332
3
0
428
0
0
17
1
304
0
0
0
0
0
1
4
0
117
0
0
1
0
0
0
14
44
10
657
46
0
342
0
1
1140
0
0
0
0
0
0
0
43
75
0
0
49
0
0
0
4
0
0
0
0
0
0
5
0
0
0
0
0
0
0
0
5
0
25
50
442
0
5
20
56
30
0
0
0
0
0
0
338
0
33
0
25
1
0
0
0
1
0
13
762
5
0
0
56
0
0
7
0
0
274
15
27
0
65
0
0
0
0
0
6
2
0
0
0
2
0
0
0
0
0
0
0
0
0
3
3
0
0
0
0
1
0
0
15
313
0
0
0
0
0
544
0
0
0
0
0
768
9
0
16
0
1
1
0
52
0
0
7
147
0
345
0
0
0
2
188
0
72
484
2
2
0
5
0
0
0
0
0
0
1
0
180
9
0
0
0
0
0
22
0
0
6
14
0
6
30
0
1
0
0
0
0
1
10
0
6
0
0
0
0
0
0
0
0
0
0
4
0
0
52
0
2
459
0
0
0
3
11
0
0
1
0
68
0
1
78
0
0
229
66
1020
0
0
0
3
0
0
199
357
0
0
175
13
0
1
0
77
0
0
0
0
24
0
0
2
8
0
29
0
0
0
0
1439
0
0
2
0
2
1
0
0
8
570
0
0
0
0
0
0
0
11
0
0
2
0
4
0
0
0
302
0
0
0
0
0
0
0
0
0
0
3
0
0
12
614
0
7
0
333
119
4
0
0
0
0
706
2
0
0
0
0
2
0
10
0
0
0
0
2
0
0
0
118
0
862
59
0
0
0
0
0
40
0
12
0
0
3
29
0
0
21
158
0
629
0
569
0
0
15
90
0
0
0
0
412
0
0
0
0
1
0
346
1083
3238
4
0
0
0
0
2
0
58
0
0
0
0
182
0
1
0
0
0
0
0
0
0
0
0
0
0
451
547
0
0
20
0
0
2
0
0
0
0
1
0
0
0
0
1
0
0
0
0
0
0
83
32
0
0
0
0
5
0
0
0
0
0
0
4
365
0
0
22
41
0
0
2
0
3
0
5
0
64
0
0
11
0
317
2
3
15
0
0
0
204
0
70
0
0
98
0
10
0
0
152
0
0
1
7
0
0
0
223
127
0
0
7
0
0
0
0
0
0
0
1
0
93
0
22
0
30
109
34
308
113
0
0
0
0
2
0
28
0
0
0
919
0
20
0
35
583
0
0
0
0
28
106
8
160
3
81
0
1
245
385
0
1
0
0
0
0
0
0
118
0
0
0
0
0
1
102
0
0
0
0
0
1
9
0
0
279
0
136
1
17
467
0
0
0
1
0
7
0
0
45
6
0
0
28
0
114
0
49
0
1
0
0
6
392
0
0
4
0
1
4
2
0
0
3
0
0
0
0
0
6
0
2
0
0
1
3
2
0
0
117
0
0
1016
12
0
10
0
0
16
1
0
637
1
0
154
0
0
12
0
0
99
0
0
0
1
8
0
0
0
83
34
0
0
0
0
0
15
176
496
0
0
0
0
0
1
6
18
0
32
1
0
0
0
0
0
0
28
13
0
0
26
903
0
146
138
0
0
0
0
2
0
0
0
284
243
0
9
0
0
5
0
21
0
0
0
0
1
0
0
0
0
17
0
0
0
0
0
0
13
0
0
0
476
0
7
0
30
0
0
1
0
0
0
117
0
0
0
0
3
0
2
0
0
0
0
12
0
0
0
2
1
42
0
0
0
6
0
138
48
0
6
0
0
14
115
0
0
253
0
275
21
0
512
1
0
0
0
5
0
0
0
36
1
0
123
97
0
0
0
0
0
0
1
347
0
0
0
1830
0
9
428
2
0
24
0
200
0
0
1
0
245
2
0
12
0
0
0
0
48
0
0
0
2
0
30
42
0
0
0
671
47
3
0
0
30
0
120
0
1
722
0
86
0
0
8
1
23
186
0
489
0
0
63
0
1
0
2
0
0
26
199
0
0
1172
0
0
0
0
697
0
8
0
387
158
0
0
213
6
0
0
769
64
0
0
351
56
0
0
0
0
47
0
0
0
0
0
0
0
0
61
0
0
0
0
0
33
12
12
15
0
0
16
5
60
0
2
31
0
1
286
0
1
4
0
29
11
668
0
0
2
0
0
5
0
0
3
84
0
4
64
580
0
0
0
5
0
0
0
70
0
1
0
326
0
75
0
11
0
0
0
0
0
438
2
0
0
0
0
29
0
0
0
871
0
0
0
31
0
1
5
0
350
6
0
0
0
0
2
61
1
0
0
0
183
553
0
1325
0
0
0
272
0
212
0
98
33
0
1
6
1242
0
694
0
0
0
0
0
0
0
0
0
0
1
3
0
0
0
0
3
275
0
901
151
18
0
0
2
0
0
0
56
0
763
0
0
0
0
0
346
0
0
0
0
1
0
2
0
0
45
0
0
325
0
0
0
0
0
3
0
0
0
0
0
0
0
632
0
0
0
0
46
0
0
80
429
0
0
0
26
0
329
0
0
0
0
0
7
46
366
0
0
0
0
0
573
0
1
0
0
0
0
45
0
2
121
27
1
0
0
0
67
19
0
0
0
0
6
0
0
0
0
1
0
0
30
0
0
1
1
100
0
2
2
0
0
0
955
0
1
0
0
0
1299
0
0
0
234
0
0
11
78
1
0
0
2
1
0
0
0
6
0
0
450
0
381
0
2
0
1
1
4
70
81
769
0
0
100
0
0
5
0
1
0
0
0
180
1
0
1
119
0
14
136
179
0
162
0
1
1
0
0
84
0
0
0
3
1
107
5
0
0
0
78
0
28
0
0
0
0
0
136
0
0
0
0
0
0
96
1343
0
0
0
93
0
15
0
0
0
0
0
0
0
24
0
1
0
0
4
2
25
0
252
0
330
0
0
183
0
9
1722
0
485
324
0
0
0
0
24
0
4
64
0
4
0
25
0
2
0
0
0
1
0
0
0
0
0
1
0
0
0
346
0
16
0
0
0
0
0
0
6
0
0
0
2
0
0
0
0
108
121
0
1
0
0
0
0
1
0
477
0
0
0
61
32
0
0
0
0
1156
2
0
0
1
0
184
0
47
0
0
0
0
0
0
0
94
0
4
0
1
0
0
0
0
0
6
6
0
0
519
0
2
0
3
1
0
0
0
0
1156
0
0
0
5
102
4
29
0
0
10
0
77
71
129
751
0
0
0
0
0
0
20
0
0
0
0
0
0
26
0
3
0
0
0
0
101
0
0
0
0
0
33
21
0
10
0
1
0
18
158
0
0
0
0
8
76
15
0
2
0
1
0
0
0
0
0
21
0
0
0
0
0
0
306
158
0
0
0
2347
5
29
0
0
0
0
552
0
0
0
0
180
1585
3
0
0
0
0
0
17
5
26
0
267
0
56
0
0
0
225
266
2
0
1784
1
25
0
83
0
0
0
1
413
0
176
79
0
0
9
0
0
1
0
0
0
0
0
0
0
968
372
0
0
0
0
83
0
0
2
7
0
54
0
0
0
0
0
0
0
2
0
11
0
12
0
11
0
571
347
15
0
0
0
32
0
0
1
696
20
0
0
0
0
19
0
0
38
0
0
0
0
6
0
10
0
1
0
0
0
16
0
3
0
0
0
0
0
0
0
0
4
0
0
0
0
0
0
181
10
0
64
0
1
3
6
0
0
186
0
29
1
0
1
6
170
0
389
1
1033
0
168
0
0
1532
0
0
0
0
0
7
49
0
99
0
1
0
4
0
919
2
0
0
0
0
416
0
0
1
0
0
26
60
0
125
44
778
0
19
0
0
0
0
1257
0
169
0
0
0
1
2
0
72
0
2
0
0
69
0
0
47
760
54
0
0
0
0
0
745
0
0
15
2
33
0
332
0
9
0
0
0
0
16
0
0
14
0
0
0
0
0
1
0
111
0
94
0
217
0
0
0
0
424
0
0
10
0
2
0
0
8
0
0
0
1
2
0
3
0
0
0
732
0
10
22
0
90
0
0
0
0
0
0
0
0
0
0
349
0
105
1605
0
0
0
0
56
0
352
0
0
7
272
0
0
11
76
0
164
2
0
486
0
0
0
0
0
0
0
639
55
0
0
0
0
0
77
49
279
0
11
0
0
0
428
6
20
79
901
24
0
1
376
0
0
0
0
0
21
253
0
0
0
0
0
0
0
0
0
0
0
1
102
0
46
0
2
0
223
0
0
2
0
0
0
0
41
2
1037
0
0
75
2
0
0
524
0
0
0
0
0
0
0
0
0
0
0
308
592
8
0
2063
0
0
0
30
194
0
1
0
0
5
0
7
0
27
0
1
0
54
63
0
872
1
0
6
0
0
0
0
156
0
0
0
12
0
5
14
0
0
0
12
0
0
60
82
0
0
0
0
101
0
1540
407
1
0
0
0
0
94
0
20
0
0
0
0
9
0
1
0
0
0
0
31
2
0
25
630
1033
511
0
0
0
2
1
0
18
38
1
0
0
0
0
0
0
0
0
34
2
0
0
0
34
0
1
0
0
288
0
0
1
0
2
31
46
53
2
377
6
114
1
1
82
327
1
299
2
0
0
0
131
237
22
0
0
242
3
0
0
17
0
2
24
579
0
555
0
530
0
0
0
0
2
0
0
0
0
0
45
153
0
0
127
10
21
0
0
0
0
0
159
334
0
1
0
307
0
2
0
118
3
82
0
26
0
31
0
1420
0
11
0
23
0
6
0
28
16
10
0
26
0
0
0
634
5
0
0
13
0
0
0
2
70
0
51
2
0
0
0
1
24
0
6
1
0
0
0
0
3
1
3
0
0
0
58
0
303
0
0
0
0
2
0
0
3
0
7
0
189
106
0
47
161
0
1
1
92
0
0
0
1
0
6
733
0
2
27
37
535
0
0
273
194
140
34
11
0
20
0
1
0
0
289
0
0
122
144
0
3
605
0
3
0
0
108
1
0
0
0
0
0
168
0
8
0
0
11
0
13
8
0
0
1
6
2
0
0
758
1
2
2
0
0
0
0
10
0
79
0
226
0
0
0
1028
766
0
0
0
0
0
2
178
0
6
0
0
0
0
1
167
0
248
71
0
0
0
0
0
0
637
0
0
8
0
1
14
0
0
2
0
1
0
0
2
0
0
25
0
92
1
0
100
38
0
0
298
0
0
0
0
1
0
0
0
0
26
79
4
0
0
6
0
2
31
0
0
0
1
0
849
0
0
72
2
0
2
0
3
0
4
0
0
0
14
0
2
1
177
0
0
0
0
0
0
0
0
0
2
0
2
0
1
0
0
0
0
2
0
238
0
1
0
20
0
0
33
0
0
7
0
166
0
0
14
117
10
0
14
0
0
43
0
3
0
0
0
0
0
0
0
485
0
0
0
0
0
4
0
0
103
1
0
0
259
0
0
0
0
11
0
27
8
14
157
3
4
0
497
0
0
0
27
84
0
0
95
1
123
0
11
1
0
8
0
0
1
209
0
0
2
0
50
0
0
0
3
821
0
0
0
2
0
11
214
293
0
8
0
29
0
43
0
0
0
0
0
0
0
322
32
0
0
398
0
0
1
66
0
0
0
0
0
0
0
1
1
393
4
154
0
1
7
0
0
1253
0
0
83
13
54
0
0
0
1
55
17
63
0
0
0
0
79
0
203
1
0
883
0
1
0
0
0
9
0
0
1
0
0
0
34
0
0
0
0
2
0
0
0
2
0
0
0
73
0
334
1158
0
0
1993
3
0
0
3
1030
0
32
22
3
2
0
0
4
0
37
472
0
0
565
0
0
0
0
0
447
3
538
26
138
0
0
0
159
1270
0
0
6
0
0
157
9
0
0
26
0
0
0
0
8
0
302
0
14
0
0
2
0
0
101
0
0
0
0
0
0
0
0
115
0
29
0
0
0
189
0
1
0
0
0
0
0
0
15
17
0
12
0
0
230
4
0
0
17
1
259
1
0
67
181
8
0
0
0
0
0
0
7
80
3
1
0
1
0
0
6
0
0
14
0
0
16
0
0
0
0
0
2
0
0
0
0
0
0
0
0
0
0
0
0
49
0
119
204
0
7
0
0
0
0
0
0
0
0
0
0
5
0
0
0
0
0
178
166
0
3
0
0
7
0
10
0
10
0
0
302
0
0
1
0
36
0
1
0
119
0
0
5
0
371
0
83
0
0
0
0
0
2
0
0
43
0
0
109
0
0
753
0
0
256
0
0
0
0
0
21
18
0
5
1
21
0
4
0
0
0
0
0
0
4
2
0
0
0
0
0
0
0
0
45
0
0
154
0
0
3
0
11
0
0
2
0
6
12
0
1
0
9
0
0
126
208
9
0
0
0
0
526
0
0
8
0
53
211
0
0
0
0
0
2
0
0
1
0
0
30
0
0
26
0
933
24
25
0
0
0
0
0
0
0
4
0
0
295
93
0
0
0
0
0
0
0
0
0
273
0
0
21
28
0
24
0
0
0
350
0
1
0
0
1
0
0
607
0
558
0
0
0
0
30
0
0
578
352
68
0
4
0
16
0
138
0
0
0
0
26
124
0
0
17
0
1
0
0
234
0
0
0
2745
0
12
9
5
0
0
0
0
3
0
0
0
19
0
30
0
0
0
6
69
326
0
0
0
101
1
0
195
0
7
212
0
0
3
0
0
1
0
0
0
61
0
0
0
0
0
0
0
0
10
2
0
0
0
0
179
0
0
292
0
0
0
0
0
0
0
0
27
12
26
104
0
45
0
0
380
0
5
85
1299
0
487
1
0
0
0
0
0
0
0
0
0
0
1
0
138
0
0
0
0
1
0
0
0
0
0
3
0
0
0
1
0
2
0
0
0
37
0
0
464
3
0
353
0
3
0
0
0
0
0
1
0
0
4
1
0
0
1460
0
4
581
0
0
0
0
0
0
0
14
13
0
0
0
0
0
13
0
0
0
0
0
6
128
228
26
0
0
498
0
20
0
0
9
0
0
0
57
0
0
0
2
0
0
7
0
0
0
0
0
21
0
0
1904
0
0
8
0
25
0
0
111
0
0
800
0
1
0
383
0
0
0
0
0
0
0
144
227
0
75
0
0
2
0
33
5
1
497
14
0
0
0
29
1
0
0
0
0
4
1
0
0
650
0
0
44
0
0
0
0
0
475
0
116
0
0
0
0
0
0
0
0
0
428
0
0
0
12
0
0
20
0
0
0
0
0
0
0
0
38
367
0
92
2
53
0
0
66
7508
0
119
1
0
0
0
4
0
1
19
0
16
0
101
0
49
0
0
2
51
0
0
10
15
0
0
201
0
0
0
22
2
9
0
0
0
0
0
0
0
0
0
0
1
32
44
0
0
0
12
0
0
0
0
3036
0
0
0
0
411
0
41
0
0
0
0
428
0
1
3
1486
0
0
376
0
0
0
0
0
0
0
229
679
0
0
759
2
0
0
0
0
0
0
0
0
0
0
0
0
226
0
2
24
0
0
0
225
3
221
0
80
105
0
0
465
1
0
2
0
0
24
0
0
0
0
0
438
0
0
0
0
0
0
0
8
0
0
37
0
490
1
0
0
0
1
0
1
0
168
0
0
0
0
0
0
0
25
0
0
0
0
0
0
0
856
174
4
0
0
0
33
0
0
511
0
0
0
0
0
152
1233
25
0
0
0
0
58
2
0
1
0
148
216
0
0
0
0
0
0
18
1
79
0
387
13
0
0
0
0
0
0
0
0
19
6
19
0
194
0
1
1
199
0
43
2
0
0
0
8
0
0
0
0
0
2
33
28
11
0
0
78
83
34
0
12
52
0
0
0
257
1377
1
8
0
0
0
0
0
116
0
0
0
295
0
0
0
0
72
0
0
70
1
150
9
186
0
0
1
42
0
220
0
13
0
0
0
68
5
678
12
0
0
0
102
0
158
108
0
7
0
0
0
0
0
0
53
96
0
74
102
6
0
0
1
378
665
375
0
0
0
396
13
0
6
6
3
3
0
2
163
96
0
4
258
48
0
1
0
0
0
0
0
229
423
2
0
61
0
0
4
0
0
0
10
1
0
10
0
0
4
0
0
0
2
0
0
0
10
0
0
0
0
0
0
0
0
307
1073
0
0
500
0
0
0
1
43
0
0
0
67
179
88
1
103
0
0
2
350
0
0
0
0
0
0
15
0
13
0
224
0
0
0
0
35
0
0
0
25
13
998
1
238
0
148
198
0
0
0
5
0
0
0
86
173
134
2
0
0
0
97
0
0
0
0
0
0
1
239
570
0
0
0
0
361
0
0
619
0
0
0
0
57
0
0
19
161
26
3
96
0
0
1
3
0
398
0
1
0
17
0
78
0
773
0
0
0
0
0
4
0
0
0
0
39
0
0
0
0
0
64
9
26
0
0
1
0
0
110
0
36
33
168
332
0
622
65
0
0
0
24
5
163
0
0
0
57
16
7
0
0
0
0
21
10
11
0
221
0
0
0
0
0
0
0
1
0
0
101
9
0
0
0
0
5
0
7
89
0
1012
162
1
12
0
413
5
0
260
0
1508
218
0
0
0
0
33
0
0
4
34
0
0
0
2
0
0
0
0
67
219
0
0
0
0
239
0
0
52
275
2
0
0
0
190
36
2
14
2
0
136
0
16
0
5
0
50
0
1
97
1
5
0
0
0
0
8
0
2
469
0
0
655
0
17
2
0
0
1032
477
1
0
182
0
0
0
0
0
0
0
0
0
0
9
101
0
13
43
0
32
0
0
0
332
0
0
0
0
0
0
0
0
48
2
0
1
4
0
0
1
0
0
10
0
0
310
0
1
0
2
0
0
0
6
1002
2
0
48
0
0
0
0
5
307
210
0
0
194
0
0
0
0
1
0
0
0
0
1
3
1228
2
0
39
682
7
0
315
0
0
0
0
0
47
1
0
0
0
115
0
0
0
0
104
0
46
0
8
0
34
1
0
235
9
0
35
0
0
0
2
0
0
0
0
0
2
1
0
0
0
0
112
0
0
5
0
0
0
0
47
0
0
0
0
0
0
8
0
22
0
7
0
18
0
0
14
3
261
0
0
40
51
2
0
113
0
0
561
0
0
0
0
1
0
57
0
0
0
129
0
0
0
0
0
0
0
0
0
146
2
0
0
85
5
0
0
0
1
0
0
0
388
32
49
1
0
2
1
122
1
0
0
0
0
0
0
5
0
0
51
55
66
16
0
0
31
0
1
0
26
0
91
3
0
0
0
0
177
0
0
0
0
0
0
11
0
0
2
6
0
0
0
2
6
0
0
0
0
0
476
0
0
0
0
0
0
0
1
9
0
8
0
204
90
6
0
0
594
129
0
0
2
125
2
0
9
358
0
1
0
0
64
2
19
52
0
0
0
0
0
0
0
0
17
1
0
360
0
1
2
0
0
2
1
1
179
5
5
0
97
0
0
388
0
0
0
0
0
39
0
0
593
444
0
0
80
6
286
0
17
0
273
0
0
2
17
0
9
0
0
0
0
4
0
64
0
0
0
0
0
0
0
0
7
0
308
495
0
0
8
0
46
181
515
1
0
0
0
2
0
69
0
36
0
0
0
0
0
0
0
0
0
0
1
15
0
8
0
0
3
0
0
39
0
0
3
0
0
0
0
0
0
8
63
0
0
1
0
0
925
5
2
2
35
0
0
1
0
555
0
0
11
366
1
50
2
10
57
0
1
129
0
41
0
0
0
0
11
0
0
0
303
0
143
0
0
5
0
0
1
0
0
6
1
0
18
433
79
0
0
743
1
118
0
0
5
0
0
1511
555
1
0
155
0
0
0
215
0
0
0
0
0
6
0
41
2
0
0
0
0
0
0
0
0
113
0
26
0
0
75
768
0
1089
85
4
1
0
23
0
20
0
617
0
0
3
1
0
8
0
6
57
20
0
629
0
1
1
0
0
0
2
2
0
0
0
9
0
0
0
0
0
0
64
0
1
0
18
0
10
0
0
0
38
0
0
7
0
0
0
0
0
0
0
444
30
95
0
232
0
62
0
0
0
0
0
66
5
0
5
0
0
0
76
0
42
0
0
0
0
0
0
0
0
0
0
0
13
0
0
0
1
0
0
0
0
0
0
6
56
0
452
2
0
0
0
2
171
1
0
6
0
2442
125
0
0
0
0
0
7
0
0
126
0
131
0
0
0
1
0
0
0
30
0
0
0
0
9
0
32
0
74
436
0
0
0
0
0
1
0
0
472
28
0
61
0
0
0
0
0
0
189
0
0
74
0
3
0
0
74
14
0
0
9
0
0
137
1
0
6
4
4
0
4
4
0
0
0
0
0
0
0
0
0
20
0
0
1
13
0
2
0
4
0
0
1
323
237
180
0
186
0
0
1
0
0
1
0
19
2
90
0
5
0
0
0
63
2
0
26
0
0
35
82
5
0
0
0
0
0
217
1
0
0
0
0
0
0
1507
22
251
64
0
0
1249
0
0
0
363
0
1
0
0
0
1
0
2
0
70
0
256
1380
3
7
0
36
829
0
0
41
0
7524
0
105
0
0
83
0
0
261
0
0
30
0
0
31
0
0
5
21
0
0
34
97
0
0
0
0
0
0
2
58
0
9
0
0
652
2
0
1
60
686
10
0
0
141
0
0
0
65
0
0
20
0
114
0
682
625
0
0
35
2
0
0
50
0
28
0
0
1
0
37
0
5
0
0
0
0
0
29
0
330
0
1
36
215
0
0
0
0
0
0
19
29
1
0
0
209
0
0
3
93
0
0
0
0
41
127
32
1
0
0
391
0
544
1
0
0
0
0
0
0
7
4
81
1
0
0
0
234
1
0
266
27
0
29
0
16
0
79
0
0
0
0
0
5
0
1
0
0
49
533
633
0
0
0
0
0
0
0
0
0
0
0
2
0
0
0
238
0
0
0
1013
131
0
212
0
0
0
0
0
6
1
3
0
0
0
0
9
6
0
0
0
0
3
237
80
5
0
79
15
448
2
178
3
1
0
6
0
0
0
3
0
0
266
0
0
5
0
15
0
0
0
0
0
44
0
0
276
0
1
0
0
5
4
0
0
0
0
0
0
0
0
0
8
0
0
0
534
187
0
9
0
0
0
675
0
4
0
0
0
0
0
1
0
0
0
0
0
226
30
0
1064
200
0
157
0
0
0
0
14
2
0
0
2
135
0
2
1
0
167
0
971
3
0
0
0
0
17
1
0
0
0
4
0
42
0
429
2011
0
10
176
1371
23
90
0
0
0
114
3
0
0
2
1
0
0
0
0
0
2
0
0
30
174
0
1
5
0
0
11
0
0
0
0
0
0
0
14
0
0
0
60
16
1
0
0
0
0
0
1
0
0
0
3
0
0
0
1
0
0
3
336
15
0
0
0
0
524
37
0
0
0
2
0
0
251
11
2
0
0
0
11
214
543
205
0
0
0
13
0
0
469
10
0
0
206
1
864
0
0
229
0
83
0
6
0
0
0
0
0
0
0
0
9
1
0
0
0
0
6
308
18
0
10
0
204
0
138
6
0
0
1
658
0
0
0
0
0
0
15
0
0
81
0
15
127
0
0
0
0
147
3
0
52
0
0
12
0
10
0
12
69
0
0
9
2
0
0
0
0
0
3
0
0
0
2
0
0
0
24
1
0
6
7
0
0
52
0
0
0
0
0
148
0
0
2
0
0
5
54
3
0
0
3
132
0
0
0
0
37
2
1262
0
1
0
27
0
132
1
183
309
384
0
0
155
17
95
0
8
0
0
0
0
0
11
0
0
0
62
177
8
0
0
0
667
0
439
4
0
0
0
0
1528
1
17
1
202
11
0
0
0
0
2
0
10
36
0
0
2
0
0
10
0
0
0
10
0
0
2
0
23
0
0
0
0
0
1
2
33
0
0
37
0
19
0
0
0
1
0
0
0
0
3
2
0
0
0
14
5
0
0
988
40
0
0
0
23
0
0
24
174
0
0
216
0
0
0
0
0
0
0
0
111
0
0
0
351
0
0
0
1
0
0
98
15
0
34
2
6
0
0
0
0
60
0
0
1
35
86
0
1004
0
0
12
0
0
90
5
467
0
0
0
64
0
544
0
59
0
0
3
0
0
0
24
1
0
3
0
116
0
1
0
0
0
0
164
0
0
0
205
1
4
0
0
3
0
0
3
68
14
1
15
210
0
492
1
3
178
0
4
0
0
550
71
0
1
0
0
0
0
1334
7
0
56
0
22
5
0
812
0
2
0
0
0
0
0
0
0
0
0
0
0
0
0
0
7
0
472
0
0
20
11
0
118
0
296
0
0
0
0
0
0
0
0
1
0
0
0
35
0
0
0
23
20
94
0
0
555
136
1
246
0
0
2
0
14
0
42
0
0
0
22
0
0
1
0
0
117
0
0
0
0
0
0
0
2
914
0
2
0
0
6
0
43
0
1
1
28
0
185
3
0
0
0
0
0
9
0
4
0
0
0
11
0
19
0
0
0
0
0
2
0
0
0
0
0
0
0
2
4
30
0
0
401
657
0
1498
234
130
0
0
1
0
0
0
529
5
13
0
0
1058
46
0
0
0
0
0
1
0
0
0
0
622
163
0
42
149
59
356
0
4
0
0
283
0
457
0
0
0
900
12
0
0
0
0
11
0
0
0
3
2
0
191
0
1
0
4
115
0
0
0
0
1389
80
0
0
146
189
9
7
0
1
0
5
4
395
0
0
1
0
0
8
4
0
0
12
0
0
0
0
0
142
0
0
33
151
0
0
1
82
0
0
8
43
0
0
32
0
0
2
0
0
0
30
0
1
0
0
0
0
0
0
801
0
0
3
21
0
0
0
0
94
0
0
0
711
774
0
0
36
0
0
4
0
4
0
0
0
0
0
1
33
0
5
0
0
0
11
0
0
0
0
567
207
0
0
0
0
35
5
4
0
0
0
0
0
0
0
0
22
0
774
360
0
1
0
3
0
69
0
254
0
3
57
0
3
0
60
3
0
0
0
65
1
30
0
0
0
0
73
0
0
0
34
0
0
0
0
0
6
2
5
0
11
0
394
0
2
0
145
90
5
2
6
0
0
0
892
2
0
0
0
14
631
0
0
0
0
3
0
11
0
0
25
353
0
102
87
1
7
170
2
188
0
0
598
1000
0
0
222
1
9
301
0
1
0
874
66
0
0
0
42
349
0
5
8
0
6
9
0
0
0
0
0
253
0
27
0
1
0
0
0
4
243
0
0
8
0
295
0
0
0
1
0
25
0
29
0
0
0
2
0
0
0
9
0
0
0
0
9
0
0
13
6
0
0
0
0
2
35
0
0
0
158
30
0
15
0
0
72
0
0
22
220
0
0
0
0
53
0
950
394
0
29
17
0
0
0
0
0
2
0
7
763
0
0
0
0
0
0
0
50
30
0
2
0
0
0
0
38
0
1
2
0
0
17
14
0
28
0
0
0
0
0
4
4
0
0
16
0
0
34
202
0
0
630
2
0
0
0
252
0
0
0
0
0
0
0
1475
92
0
211
6
0
0
0
0
3
1
0
2
0
16
9
141
4
0
0
0
0
0
13
108
928
0
55
107
0
0
0
0
0
1
0
0
0
0
0
0
0
0
0
0
0
0
0
0
64
0
0
0
0
6
3
6
0
0
0
0
819
0
0
132
2
0
0
1
0
0
100
0
0
0
40
0
1
0
0
0
1
0
0
337
0
0
1240
35
0
23
9
0
0
0
31
0
76
0
0
44
0
1
0
0
5
0
0
0
325
0
0
1
48
0
0
8
15
0
0
86
5
0
406
0
0
18
0
0
408
0
245
0
6
28
2
0
0
7
0
0
0
0
0
6
0
0
0
30
1418
0
26
0
38
0
1
0
0
15
0
0
0
1
0
0
0
0
1126
0
5
37
0
45
0
35
0
32
0
0
27
0
137
0
0
460
0
743
1
0
0
0
3
0
402
1
0
0
0
141
0
0
986
0
1040
0
0
0
0
0
0
15
1274
149
9
0
18
1
15
0
0
0
5
5
1
0
0
0
1
3
0
0
2
129
0
0
0
0
266
0
0
0
21
15
82
0
0
0
0
0
0
0
0
0
35
0
0
0
432
0
112
0
0
10
815
0
0
0
0
0
6
0
0
0
0
0
0
0
12
0
0
348
0
5
0
0
260
4
44
117
0
0
0
0
0
6
0
0
104
0
2
0
221
3
5
0
0
0
1
5
0
270
0
0
1
0
0
55
0
1
339
14
114
0
0
0
730
0
0
0
2
0
3
0
0
0
0
15
0
0
3
22
26
1
4
0
0
0
602
423
0
118
0
217
0
396
0
0
0
94
0
5
0
2
0
0
347
0
95
0
2
69
29
0
1
235
1056
4
0
4
0
8
0
0
0
0
296
6
344
0
0
0
107
0
0
0
97
0
1457
12
352
0
0
0
2
0
0
62
0
3
261
0
0
0
0
0
0
12
1102
0
0
0
14
30
0
0
0
5
0
0
0
0
14
0
0
0
0
267
2
0
0
0
0
0
151
16
1
0
1
0
0
9
112
6
0
0
0
0
0
2
0
0
0
2
2
0
0
0
2
0
0
7
0
21
0
0
3
509
0
1
0
0
0
0
0
0
0
16
295
0
133
0
0
344
0
1
808
0
72
0
101
0
0
0
44
0
0
0
0
0
0
0
0
0
0
0
0
0
9
0
0
0
0
0
1
1
0
1172
0
4
0
79
0
0
0
100
0
1
0
0
0
0
0
24
0
20
0
0
0
0
724
0
0
17
3
0
0
47
0
0
76
0
0
152
0
11
0
0
4
24
30
387
0
0
0
0
0
26
0
35
105
0
0
244
0
0
41
1
2
0
0
73
16
2
0
36
0
2
2
3
14
0
2
405
0
0
0
0
0
0
237
0
566
100
0
374
0
98
0
0
330
0
0
0
0
1
138
52
0
3062
0
1
6
0
0
0
0
0
165
0
0
0
34
0
0
0
0
735
0
0
0
18
0
0
51
0
0
0
0
0
0
0
4
0
0
21
1
1044
0
81
0
0
0
0
45
169
748
47
1
33
392
3
178
0
10
0
0
83
1
419
0
0
0
0
0
0
3
0
116
0
207
1013
0
0
0
23
0
567
21
0
0
0
0
45
98
0
191
0
1
7
118
0
0
19
0
1
0
0
0
92
0
0
219
0
0
0
0
0
50
3
146
0
0
92
0
0
0
2
74
0
1
0
0
0
344
175
0
37
0
0
0
0
58
15
0
0
0
1
0
0
5
0
28
0
0
3
0
0
0
0
0
0
0
63
0
2
0
0
0
0
0
0
0
39
0
0
118
0
0
0
233
10
18
0
0
0
166
0
132
0
117
1
27
0
108
0
0
194
0
0
6
0
0
0
23
0
0
0
0
0
0
500
0
42
0
2
541
0
0
0
169
0
0
0
0
322
0
9
0
26
0
69
0
0
0
93
0
0
0
2
284
0
78
0
7
20
0
4
0
0
169
0
120
3
0
0
0
0
145
2
234
0
0
0
43
537
1
3
574
0
0
296
15
0
32
207
27
29
0
0
0
0
1
0
0
0
0
2
0
0
0
1471
0
0
0
0
11
23
0
0
34
165
0
0
11
0
0
11
0
0
1
0
0
2
240
0
375
0
0
0
0
0
0
0
0
0
91
1
0
0
6
23
0
0
0
0
0
0
0
100
0
2
68
0
1041
1
263
1
2
0
0
0
786
3
0
0
0
0
49
0
0
64
249
92
0
0
0
0
0
0
0
0
0
8
0
0
0
4
0
0
0
0
211
0
61
6
0
0
0
146
0
0
0
55
0
0
0
0
0
0
0
0
54
0
0
118
0
0
0
0
0
6
0
0
0
0
8
0
0
0
0
0
12
0
0
0
2
0
0
0
1
338
1
1
228
0
87
51
11
53
0
4
0
0
18
1042
0
5
0
12
0
0
675
0
0
0
9
0
0
0
0
390
346
0
0
0
0
290
0
0
0
1
0
0
0
0
213
0
0
0
0
0
4
1
0
2
282
10
0
0
0
164
0
1
13
224
5
0
0
2
0
0
38
13
0
0
0
933
0
0
1
5
0
0
70
0
0
0
0
0
0
0
0
1
77
0
0
0
0
189
0
0
0
0
0
204
0
54
78
8
28
28
0
44
12
308
0
13
0
0
0
0
0
720
29
0
2
44
860
0
1
0
0
0
0
0
0
0
0
0
0
305
24
143
0
3
1
0
0
0
0
0
0
4
0
0
0
18
0
0
13
396
0
434
0
2
1
0
488
0
1
0
412
964
0
0
0
686
9
0
12
9
2
0
0
0
213
0
0
0
0
0
0
0
0
44
6
102
0
6
0
0
103
0
0
32
0
0
605
0
3480
214
285
0
0
0
0
0
0
0
0
4
43
0
0
0
151
51
0
113
0
17
0
0
0
0
2
0
20
59
0
0
919
0
0
0
0
3
5
0
0
0
24
563
1
0
35
0
0
1
0
65
1
0
0
0
0
0
0
73
0
0
3
0
120
0
0
0
114
0
0
0
0
0
0
0
0
0
2
8
0
177
0
0
0
0
149
0
0
0
0
0
1
0
0
0
0
0
0
0
0
0
0
0
2
0
0
0
0
10
52
0
109
0
0
3
0
0
0
0
242
1
0
0
0
24
0
0
2
1
0
0
0
3
0
0
0
184
1
0
0
0
0
0
19
2
240
2
3
6
1
11
0
0
0
37
4
0
82
0
0
77
439
0
0
0
8
0
0
1
0
0
0
1
579
0
0
17
0
0
0
30
0
0
0
228
0
0
342
0
4767
0
25
0
0
0
44
249
506
10
141
0
14
0
55
0
0
545
177
0
0
19
16
0
327
12
2
1992
701
630
0
0
35
0
0
0
0
0
26
0
1
0
114
0
0
0
13
24
379
573
507
0
2
3
0
0
15
8
5
0
0
1
16
0
0
0
978
0
0
0
2
0
1
0
388
0
1
0
0
1
0
18
0
16
54
1
0
0
1
11
32
1196
0
204
377
0
0
125
0
0
0
0
243
0
0
82
38
0
11
0
656
14
0
3
0
79
0
0
0
0
0
0
66
0
0
0
0
242
50
0
0
0
0
183
218
0
0
1
0
3
0
1
49
11
0
0
244
2
0
0
0
0
0
1921
0
0
680
0
0
0
2
1337
5
433
4
2
1
0
0
0
0
0
13
813
0
152
0
0
39
0
0
281
16
215
48
0
0
0
5
0
317
0
7
1
0
454
0
135
0
27
0
0
0
0
0
0
1
490
0
0
0
0
0
0
0
1
0
0
0
0
0
0
264
0
0
0
0
25
0
0
27
0
11
0
282
0
0
0
0
39
1
0
1
0
22
104
0
0
0
270
14
0
0
28
7
18
409
0
0
9
0
0
140
48
0
0
2
0
0
0
0
0
0
0
0
0
0
0
0
11
0
0
215
0
64
280
551
0
0
67
0
0
0
0
0
28
0
0
10
0
0
0
0
0
207
0
0
9
0
0
0
0
2
0
0
0
0
1
0
1
5
0
4
0
0
0
0
0
0
0
0
0
0
24
0
0
0
234
226
0
0
8
0
2524
7
3
0
4
0
7
0
0
412
0
14
0
2
0
0
0
393
0
0
0
0
0
0
69
0
73
0
0
589
0
0
0
422
0
6
0
0
2
3
95
14
0
0
0
1
0
0
0
48
2040
48
6
241
0
0
0
0
2
9
0
46
0
0
0
0
12
126
1562
0
233
0
0
0
0
0
4
0
2
47
583
0
41
156
5
0
61
0
2
0
0
26
1
1339
0
0
0
115
201
12
17
12
242
154
0
0
200
0
0
0
1
0
3
0
169
