1
215
0
0
28
0
0
33
0
0
0
0
0
5
0
3
0
0
34
33
6
329
427
0
0
0
0
3
0
0
0
0
0
0
0
21
0
4
0
0
110
0
0
0
1
29
0
0
0
1
0
0
0
2
0
646
3
0
35
6
0
19
20
0
6
0
37
5
0
0
0
0
135
0
0
36
2
8
0
0
55
32
0
313
0
2
0
0
0
30
54
0
0
0
0
30
0
0
0
185
0
0
209
0
0
98
139
0
0
0
3
0
0
0
2
0
168
1
0
0
0
15
0
0
0
63
0
0
259
0
1
5
0
0
0
1
0
747
1
0
0
0
0
0
0
0
19
0
373
0
58
1070
0
0
0
0
686
0
0
0
622
0
0
0
0
0
21
0
0
4
6
0
223
0
0
882
0
0
0
0
0
0
30
3
0
16
60
1
0
1
0
2660
0
0
7
189
0
0
0
0
1
0
1
0
0
0
1035
1004
0
0
0
0
329
0
0
0
0
0
9
0
0
20
0
12
6
89
0
0
0
0
0
0
0
24
15
0
0
55
0
113
15
0
28
0
0
0
0
0
38
2
0
0
2
0
0
0
0
0
10
0
0
11
0
0
1458
0
14
0
57
0
0
1
1
0
0
380
0
0
1
1
0
0
104
0
0
8
1
1
1
119
0
0
12
0
0
371
0
0
0
19
0
0
1
0
6
0
0
401
69
36
0
0
30
8
12
0
0
0
71
0
5
0
0
0
22
0
0
0
0
0
0
0
57
0
0
0
6
10
0
9
0
0
320
26
0
0
16
0
0
0
0
7
0
0
50
0
0
0
1
0
0
2
0
0
2
8
315
27
0
0
0
0
0
0
0
0
0
2
0
0
1246
0
0
553
0
0
4
0
0
0
0
0
224
0
24
1
0
0
0
0
26
14
0
1
0
0
0
0
37
0
0
1
33
0
2
7
0
1
1017
0
94
0
6
202
2
0
0
0
874
8
0
3
27
0
0
0
0
0
1
19
0
1366
39
10
2
63
0
0
0
264
0
0
0
24
2
27
0
1
0
0
0
3
1
0
957
0
0
116
0
1166
1179
0
2
0
13
0
0
0
0
0
0
0
0
0
0
0
0
6
34
247
710
0
114
0
53
6
49
0
12
2128
0
0
0
116
0
16
5
0
3
1
0
0
0
0
19
126
108
2
4
0
3
0
2
15
0
4
0
36
0
80
27
0
0
0
1
2
0
0
91
0
1
0
0
0
5
0
33
2
0
0
0
0
0
3
0
0
53
0
235
0
0
0
0
2006
0
0
49
0
0
0
0
0
5
0
41
0
0
0
0
0
2
22
16
1
31
0
0
46
9
0
0
833
0
0
0
0
0
48
0
0
0
0
0
0
0
0
0
0
0
0
45
50
0
0
0
0
18
11
41
0
0
35
0
0
0
0
187
0
0
0
146
0
1444
6
0
0
0
0
2
8
2
0
1
0
0
0
1
0
1247
0
0
5
0
0
0
254
0
15
0
0
0
2
218
51
0
0
0
0
1
0
0
47
0
0
13
0
0
0
0
0
0
0
0
0
0
1
704
0
119
10
820
0
29
7
4
0
3
0
0
12
0
0
0
59
0
0
0
0
33
0
0
0
6
6
26
0
0
27
0
77
13
0
0
0
0
0
4
0
0
0
0
0
44
3
0
0
15
2
22
0
206
0
0
0
851
0
0
0
0
0
1525
0
0
1
0
0
4
0
1
0
178
0
1998
0
0
13
0
0
0
1
1
13
437
25
479
2
1
0
0
3
0
0
3
0
1
0
0
0
0
1
11
0
0
0
0
10
0
0
0
1
0
0
1995
0
0
0
1
2
0
3
0
9
0
0
0
0
0
114
0
78
0
0
0
20
43
0
0
198
0
0
99
26
0
0
0
0
4
0
47
0
0
0
0
0
0
0
6
0
0
0
0
0
1
27
2
0
0
0
3
5
0
0
0
0
0
0
82
0
0
0
0
11
0
2
0
0
2
0
0
6
0
29
0
0
0
0
0
0
0
1
0
0
3501
120
0
1
457
325
920
0
0
0
0
1
5
0
2
0
7
1130
0
0
0
31
0
0
0
0
0
2
643
3
137
0
0
0
1
239
0
1
8
2
0
96
3
0
2
0
67
0
1
1
0
0
15
0
0
1
45
0
0
7
0
0
1
26
0
24
0
0
0
35
1
0
890
0
0
32
0
0
1
51
0
0
0
18
0
39
0
0
10
0
0
0
0
0
1166
53
6
0
0
0
0
0
0
55
2349
0
0
0
0
0
11
0
0
0
0
0
0
12
141
675
0
3
0
0
0
1
0
0
0
0
0
0
0
0
22
0
0
0
0
0
0
0
12
7
0
3
0
4
2
0
44
0
5
0
366
0
59
0
0
522
792
0
9
0
0
8
0
0
0
0
0
0
0
67
0
23
0
40
0
2
0
0
0
0
0
206
0
1
0
0
0
0
0
0
0
0
0
0
0
2
57
0
0
0
0
0
122
0
0
0
0
266
2
1
0
167
0
0
6
0
0
4
0
0
1
0
393
0
0
8
0
0
2
0
0
0
22
40
6
0
202
5
0
27
38
0
1
2
0
0
0
63
76
0
1799
0
0
26
0
0
2
0
216
2
0
0
0
0
9
2
4
0
0
0
0
0
0
0
1815
475
0
0
0
1487
16
0
6
0
0
5
0
0
0
0
0
0
0
0
0
0
5
0
0
0
0
0
0
280
0
0
25
1432
1
0
0
37
0
0
0
300
5
0
1
1
0
0
0
25
83
4
156
0
0
0
0
0
110
0
0
2
0
0
0
17
126
1
3
0
0
0
99
0
0
0
0
0
0
0
0
98
1136
0
0
0
0
0
159
60
0
11
0
72
0
105
317
0
29
0
3
26
14
2
0
0
0
0
2080
0
0
0
0
6
0
0
0
51
0
0
0
7
81
0
0
0
865
40
0
2
0
0
0
280
0
2
622
136
1338
0
0
13
389
14
0
6
0
0
1
0
7
0
0
1
0
0
0
0
0
1
358
0
114
354
540
6
0
191
0
0
0
0
0
0
0
0
0
66
0
47
0
0
0
213
0
3
326
0
0
0
16
110
0
0
0
7
0
0
4
0
1
60
0
1
414
0
283
14
8
0
54
0
0
0
106
0
438
1
28
4
293
0
0
211
0
17
120
0
0
0
16
2
139
0
0
0
0
0
278
13
0
0
3
0
0
0
266
3
1
137
0
0
561
0
0
0
118
0
0
0
18
0
733
0
3
0
329
0
0
164
0
0
0
0
0
5
48
0
0
24
75
0
0
0
806
252
398
0
0
0
91
177
0
1
61
0
27
0
0
0
54
0
114
0
0
0
90
26
0
293
0
0
0
7
1
1
0
6
0
395
0
0
0
1
0
62
0
125
131
0
0
0
1
0
0
0
0
0
312
0
1689
0
0
0
0
0
0
0
0
0
28
1
0
0
0
0
0
10
0
28
26
0
0
4
677
4
0
0
0
0
0
7
273
0
16
0
147
0
0
0
0
4
6
4
0
1302
0
0
0
0
0
13
0
0
0
0
0
1
0
102
0
7
0
0
0
0
1850
0
0
0
423
0
0
0
0
0
5
0
0
0
0
18
23
0
0
0
24
0
0
4
0
0
0
0
0
0
1
190
1
0
0
0
0
2
0
0
2
12
2
0
0
0
0
28
39
11
2
0
0
1
0
0
0
0
0
0
0
25
0
0
43
0
0
0
0
0
0
23
42
0
0
0
0
0
1
13
29
0
0
14
0
142
0
130
96
0
0
5
0
4
0
0
0
0
0
0
0
108
10
0
0
0
0
0
249
0
0
0
0
0
0
0
0
1
0
492
0
0
377
2
52
0
9
0
277
0
0
117
0
179
0
0
0
0
0
0
0
0
0
770
2001
0
0
0
0
1
0
77
2
0
0
1
2
114
0
0
0
0
0
0
429
0
1
2
13
41
0
0
0
0
0
0
0
0
0
0
1214
0
0
229
1
0
3
0
0
0
0
1
0
0
4
120
0
0
601
35
1
0
0
2
0
296
0
80
0
0
7
0
17
0
13
0
0
212
43
0
0
25
0
46
0
1
526
0
0
0
0
363
78
16
8
6
251
4
0
313
0
0
354
0
70
0
2
0
8
249
47
0
750
2
0
45
0
34
217
0
0
0
0
0
0
96
0
0
139
4
754
157
0
0
0
0
0
0
0
0
0
4
0
0
38
3
241
0
2
0
0
124
0
0
0
5
0
613
0
4
0
0
0
0
0
0
974
0
0
118
0
0
0
359
45
1
0
0
0
0
0
14
197
1375
0
1
1
0
10
135
0
0
0
0
1
58
0
0
3
0
0
0
0
0
0
0
6
611
18
0
1
0
0
0
0
20
1
0
1
1
0
0
0
0
0
729
0
9
1954
0
0
0
0
0
24
293
0
0
156
0
0
23
0
85
0
0
0
12
0
0
0
0
0
0
42
0
0
54
0
0
0
0
0
49
12
66
30
644
0
0
1
1
0
0
4
0
29
0
0
0
0
0
0
0
0
0
354
0
94
0
0
0
194
0
0
1
32
9
0
0
32
20
0
49
0
0
10
0
0
0
0
0
4
23
9
116
4
7
1
0
0
0
1
0
0
0
25
0
0
1
0
0
0
5
1
0
0
0
0
1
242
416
0
45
638
21
0
15
0
0
0
28
11
107
386
0
57
43
283
5
0
0
0
142
0
0
10
40
95
0
14
0
14
0
121
0
0
3
49
277
2560
0
0
0
0
0
0
54
0
0
0
0
0
0
0
0
19
0
0
0
0
0
1
25
0
7
7
32
0
19
0
0
0
0
75
0
0
0
0
0
0
12
0
0
0
0
0
0
0
1
21
1
4
0
7
17
985
0
0
2
31
0
5
0
0
0
0
1
287
2
2
0
0
0
0
0
0
0
0
2
0
103
10
1156
0
2
0
0
82
0
0
558
0
13
0
1
0
0
0
0
0
0
0
0
2
0
0
51
175
0
4
56
1
3
2
0
1
0
0
0
33
0
110
0
4
0
0
0
0
0
0
0
12
3
0
0
0
547
3
10
0
0
0
0
0
0
0
35
0
63
0
0
108
0
5
0
18
0
0
0
0
0
7
0
0
1
829
0
4
7
0
0
0
0
1307
1
6
0
16
1
0
99
0
0
0
0
17
466
80
13
3
0
0
0
34
0
0
0
165
2247
0
2
0
0
311
0
0
0
0
5
0
0
0
3
0
55
0
0
36
0
0
0
0
0
4
0
0
22
0
0
398
0
0
0
0
0
0
0
42
30
0
0
0
0
0
67
0
2
0
0
0
27
0
12
0
0
0
0
0
21
0
0
17
0
5
1
66
0
363
0
0
0
21
21
1
269
1
0
0
38
0
278
29
0
269
437
0
0
0
9
1
0
0
78
6
0
64
0
0
0
0
5
0
0
0
37
0
0
392
10
0
61
1
0
0
0
0
0
0
0
190
0
0
154
0
0
0
0
80
0
28
0
513
0
0
0
318
0
1
0
0
460
0
0
0
0
0
17
0
0
829
18
14
0
15
7
0
0
3
0
0
1
0
0
1
1
0
0
0
1
0
0
0
0
0
0
2
0
0
0
0
0
0
25
0
0
0
2
0
0
66
5
0
0
1414
7
0
0
0
0
0
329
0
50
183
1
0
2
0
4
0
0
0
0
0
5
4
1
0
37
0
0
4
0
397
0
0
0
3
91
95
0
2
4
27
0
199
0
0
213
2
0
0
15
0
1136
126
0
0
742
416
8
539
0
0
0
0
19
17
412
0
0
0
0
13
0
11
47
2
916
35
95
75
0
0
1
0
0
0
0
0
0
0
0
19
0
0
0
11
6
0
20
11
0
0
0
0
0
0
0
0
0
0
0
5
18
0
149
833
4
0
46
4
1
1018
0
0
0
169
5
0
0
12
0
37
2
16
13
0
1
0
0
0
0
98
99
0
0
0
0
0
0
0
0
0
0
0
0
0
16
1
0
7
1
0
0
0
0
46
1
0
0
0
0
1
0
0
0
220
1
0
0
52
0
0
0
0
0
1
0
0
0
0
0
1
74
0
6
1
1294
0
0
0
0
114
0
0
1
1
2
0
0
0
0
109
3
478
1
104
0
0
0
0
2
24
17
0
0
534
0
78
0
0
58
2
0
0
12
483
2
0
0
2
183
0
0
0
0
0
0
0
0
3
0
0
5
0
64
0
0
0
0
0
45
1
0
0
24
14
0
502
0
64
83
10
861
0
85
6
0
0
0
0
0
0
0
42
0
91
2
0
126
46
0
1
10
69
22
0
0
1
10
71
0
75
105
0
0
1
20
19
0
0
0
1
306
2
429
0
3
0
0
0
0
508
0
0
11
0
11
0
0
0
7
0
2
0
0
2
164
0
0
0
0
0
0
1
1156
32
0
1870
41
4
25
0
0
0
2
0
0
0
187
12
0
0
0
0
0
0
0
0
1
0
0
391
56
132
2
9
1
8
34
0
0
0
0
3
0
7
3
0
0
0
0
38
0
10
2
362
0
0
0
0
0
0
0
0
70
0
0
1
0
5
0
0
2
10
0
1247
0
4
188
0
0
5
0
136
0
0
1
0
0
94
0
14
2
0
30
1792
0
65
6
0
0
0
0
0
322
8
0
0
38
0
70
0
0
0
0
32
1
566
5
0
0
5
107
8
399
0
0
0
8
10
0
12
0
4
0
0
379
0
71
0
0
0
0
1
2045
0
37
0
266
28
0
317
7
0
2
0
2
0
0
0
1
0
0
13
0
523
6
0
5
0
0
0
0
0
0
14
593
304
0
3
0
1610
248
52
30
0
7
45
0
0
0
0
37
0
12
1
831
25
0
0
0
0
0
0
0
0
0
6
0
0
6
16
0
0
0
0
0
2
286
0
0
0
0
0
0
0
0
256
1124
60
14
0
0
0
449
487
0
86
0
0
0
0
0
0
0
0
59
0
106
664
0
429
4
1
0
11
2
0
12
0
92
0
0
91
7
194
0
0
1239
141
0
0
0
0
73
8
0
0
1196
1026
0
20
0
0
0
0
0
1
0
2
0
0
0
0
93
0
0
1
0
0
44
0
0
881
0
0
152
0
0
41
1
0
0
0
0
0
8
0
209
0
4
0
0
0
0
175
0
0
9
0
0
0
0
3
2
18
0
1
0
107
0
0
10
0
0
0
157
1425
4
3
0
673
0
287
4
0
1004
1
1
1401
0
1498
4
0
237
0
1073
0
64
2
1
99
206
0
2
35
0
0
22
4
75
0
23
0
0
52
0
0
0
1
1
0
27
0
55
0
15
44
2
82
0
0
0
0
141
8
0
0
26
0
0
0
133
649
6
0
465
0
4
0
2
8
0
9
416
692
0
0
8
0
1
6
9
9
0
0
1
0
0
1
0
0
0
0
0
0
0
21
2
215
31
1
1
0
1
1
40
2
5
0
23
0
0
0
0
0
1623
7
0
2
2
0
0
0
0
0
550
15
0
0
0
0
0
46
0
0
0
0
0
0
0
0
0
37
0
0
0
0
1032
0
46
0
212
9
0
1
37
0
0
0
171
0
0
0
0
0
0
0
0
0
75
0
17
9
1
1
2
1
0
1
0
137
0
0
62
6
0
0
10
77
0
14
0
0
21
3
0
0
0
0
5
0
4
0
0
0
10
0
0
0
0
1
0
0
0
0
0
153
0
3294
0
237
0
1
34
23
0
636
0
1
1
0
0
0
0
0
0
0
0
14
0
0
0
0
0
0
0
0
0
4
208
0
4
0
620
0
10
0
0
14
3
133
0
0
2
4
0
2
0
0
477
34
0
0
565
0
35
2
0
0
0
394
0
0
92
0
150
1
62
17
1
15
0
0
0
0
0
0
0
0
0
0
0
164
18
0
13
1
513
0
0
4
402
0
0
0
0
0
2
0
1454
11
0
0
0
96
0
0
45
4
54
24
3
14
0
122
0
105
0
0
0
39
0
0
14
0
116
618
0
0
0
0
13
2
0
0
12
0
0
246
0
0
0
0
0
0
0
490
30
0
34
4
0
5
43
0
0
0
27
0
0
0
0
0
7
0
0
0
0
0
0
20
84
243
0
0
1070
0
1
877
5
0
0
0
0
56
1
0
0
30
0
0
0
0
0
315
0
0
0
13
0
0
0
0
81
73
0
26
16
2
20
0
0
0
0
0
0
0
0
0
0
305
0
0
485
0
0
94
0
2
0
1321
0
0
0
0
93
0
224
0
1
0
0
1
390
6
1
1
97
0
66
0
0
0
0
0
0
3
0
0
55
0
0
3
0
365
0
61
0
0
34
0
180
0
0
60
25
1
0
0
0
0
0
100
1
12
851
0
0
25
0
0
50
0
0
0
1016
0
0
7
2
203
0
1262
0
0
1
131
0
1
0
0
3
0
0
0
6
80
0
0
0
103
0
0
0
0
0
0
0
2
15
0
0
0
1068
0
0
0
0
16
0
0
1
29
0
0
196
0
1
2
0
0
0
0
5
2
187
0
0
0
0
0
0
3
2
337
0
57
3
0
20
0
0
0
0
2
0
0
0
3
0
22
0
0
1
90
0
0
0
0
0
1
0
1
0
0
387
16
2
0
0
14
0
0
240
90
0
3
0
893
2
0
0
0
0
0
0
17
0
852
0
1
0
118
339
725
0
0
5
0
0
0
50
1
69
30
0
0
214
101
0
0
0
0
62
0
0
0
0
0
0
2
0
11
4
43
6
19
0
0
0
0
0
158
1
0
1
0
0
0
791
0
1
0
0
44
17
0
2
0
1012
0
36
0
0
0
0
0
734
315
0
0
0
0
1
0
0
5
407
0
11
0
0
0
10
0
0
300
0
91
0
7
0
1
0
0
0
1
0
0
0
8
0
0
0
4
0
167
0
137
1397
3
0
0
0
0
44
0
1000
0
0
0
0
0
0
68
648
0
28
6
0
1
0
24
33
1
0
22
285
10
21
2
0
0
0
0
1
4
19
368
0
0
7
0
0
66
0
2
0
11
0
0
28
0
60
317
2
0
1408
0
18
1
0
505
180
307
0
0
0
152
1
0
0
292
3
0
59
10
0
0
65
55
10
2
0
0
0
2
26
0
0
0
0
0
21
0
0
0
0
0
11
1
0
5
373
0
0
0
0
14
0
0
0
114
1
281
0
0
0
0
0
509
0
0
11
0
62
0
408
0
0
0
2
0
0
137
0
3
127
1
356
0
0
0
0
0
0
0
4
0
0
65
20
0
0
19
0
0
27
166
164
0
182
0
0
1023
1
3
0
0
0
0
0
0
0
51
0
1
0
19
0
29
604
0
26
380
0
0
0
0
0
0
0
2
7
0
1
12
0
6
195
0
0
48
149
0
2
0
0
2
0
0
0
0
446
0
0
176
0
1
0
0
0
0
0
1176
0
25
0
0
3
0
8
0
0
0
2213
16
0
0
420
293
35
10
5
0
0
0
0
1247
0
0
0
0
0
0
0
0
0
0
0
0
10
0
0
0
0
0
0
0
174
0
0
0
0
4
0
949
0
1
0
0
0
0
154
1
76
389
36
11
0
0
0
0
0
0
0
1
4
14
0
0
0
0
814
26
1
21
0
0
0
0
0
2
0
0
0
9
0
439
7
0
0
0
107
0
0
0
0
0
0
0
12
0
18
2
0
0
0
87
31
0
0
2
0
0
699
0
430
0
0
2
0
0
0
0
0
0
0
149
0
7
0
0
4
0
1
249
228
0
14
0
0
0
0
0
0
0
0
5
5
14
0
0
61
1
0
0
0
0
5
0
0
0
0
0
0
14
4
20
17
5
0
2
0
0
0
0
1502
0
0
365
0
944
0
19
3
0
0
0
0
0
34
0
0
73
0
0
0
1
17
747
0
0
96
0
1
43
0
1
2
0
0
1624
0
0
543
0
0
0
0
0
314
0
35
0
1905
2
0
51
0
0
17
0
0
0
0
0
0
0
0
0
0
0
0
0
0
1407
10
0
0
46
0
0
0
0
82
0
13
0
36
16
8
8
655
0
0
0
0
0
0
0
0
0
1
138
126
0
0
1
71
90
2
0
0
0
0
0
139
0
56
48
0
0
2
0
0
18
0
0
0
0
14
11
0
6
0
0
0
33
58
20
27
3
0
0
0
6
0
2
513
0
211
0
0
0
3
91
0
0
221
0
0
212
0
0
0
25
0
0
0
100
1
0
0
0
0
0
15
53
37
0
0
288
0
0
43
1
1330
0
0
12
0
0
414
0
27
2
1
0
5
0
0
0
0
0
1
0
81
0
0
172
0
2
0
0
0
0
0
330
0
0
0
0
0
7
3
0
1
0
13
0
0
113
0
0
0
281
0
0
0
0
108
0
0
0
6
38
0
0
0
0
6
0
0
0
384
1
0
0
0
0
705
0
0
7
16
0
0
272
0
0
0
1
1
1511
0
1
0
0
0
0
4
1
0
19
0
20
102
0
0
1
0
52
1
208
0
0
0
52
0
6
0
0
0
0
0
1
135
0
0
0
0
6
0
0
0
0
7
263
40
0
0
4
0
0
0
7
0
0
0
0
0
0
2
0
0
161
146
556
0
0
0
23
0
0
83
0
0
106
0
528
0
142
331
1
1
0
77
7
0
4
0
0
0
26
0
166
0
4
1
0
0
40
30
0
0
707
150
2
622
0
0
0
0
0
0
0
3
9
0
0
0
0
0
2
17
0
328
0
0
0
0
6
0
9
0
0
1
11
0
0
0
702
5
5
0
3
0
227
10
0
0
0
0
0
9
0
1
0
0
1
1886
24
12
2
0
0
0
1
0
1
15
0
0
0
303
0
4
1
0
0
18
0
0
0
2
0
0
0
0
37
0
511
25
0
0
0
1284
0
0
0
0
14
0
1
4
0
99
0
0
0
19
5
3
0
19
0
0
0
0
0
299
0
0
1
2
34
0
115
0
0
210
0
0
0
60
0
0
0
0
0
0
0
0
0
7
159
0
0
0
5
0
0
0
0
99
65
185
0
0
0
0
0
0
3
11
3
2
0
0
1
0
0
0
0
0
0
2
1
0
29
0
679
0
0
0
42
0
0
0
0
0
0
0
0
0
109
2
0
0
0
0
0
0
0
3
0
29
0
0
88
0
19
0
9
15
0
0
0
0
15
60
0
12
0
0
23
2436
0
0
0
0
255
1
4
0
0
0
0
0
82
0
12
1
0
0
11
0
0
4
19
0
0
0
0
0
0
0
0
108
29
0
836
6
239
0
0
5
0
0
0
0
1
0
0
0
0
1
1
4
41
0
0
0
1108
0
0
0
0
0
0
0
2026
67
0
53
0
0
0
0
0
0
0
0
84
0
2502
0
7
0
0
0
1
0
0
0
327
0
0
3
6
0
1
0
0
0
1
0
11
0
0
0
0
54
0
0
352
0
0
0
81
0
3
0
0
0
0
17
2
2
21
38
0
0
0
0
0
0
0
66
801
1
20
2623
0
0
2
148
0
0
0
0
144
0
0
0
68
1023
0
0
0
15
0
179
0
0
0
0
162
0
0
0
13
0
1
0
0
1
0
273
0
1077
77
0
0
0
0
0
1
195
0
589
180
0
0
1
0
0
0
0
0
0
84
0
1114
0
0
0
0
1
0
0
216
256
0
1
0
0
0
152
0
0
42
73
0
3
1
0
0
0
144
0
0
0
1
0
10
0
6
4
0
0
0
2
0
0
66
0
0
11
0
0
4
0
0
0
0
1
27
0
0
152
2
0
0
0
0
52
78
154
0
1
752
8
3
0
4
8
29
2
154
1
1
0
0
0
0
20
0
0
0
0
0
0
0
0
0
88
0
3
73
50
1
3
8
0
0
38
0
0
0
27
0
4
78
41
0
19
214
2
0
2
6
0
0
0
0
0
0
0
0
0
173
0
0
0
0
11
132
0
29
0
0
181
0
0
0
0
0
0
5
0
10
0
0
0
0
0
0
25
0
0
1
18
1
2
0
5
0
1
0
0
500
0
322
0
29
7
288
0
0
12
0
0
0
870
79
0
0
60
0
1
41
91
96
0
13
0
74
628
0
0
0
17
0
0
3
0
0
0
18
0
1
800
0
0
0
19
0
0
14
0
2
0
20
3
0
0
0
82
0
0
33
0
0
131
3
0
0
0
596
1
0
0
0
0
0
30
2
0
0
7
0
0
0
0
0
0
0
1
0
281
175
1
0
0
0
0
0
1
3
125
0
619
1
2
1
0
0
1
0
0
0
2
0
0
0
0
0
0
137
200
0
0
0
2
0
0
0
435
18
0
0
241
0
0
0
0
0
9
11
0
2
202
0
0
0
1
6
0
216
1
8
16
0
0
0
0
1
0
0
0
3
0
26
74
0
0
904
92
151
0
7
0
0
0
1
0
0
243
0
1
4
0
0
0
0
0
77
1
0
0
0
6
2
0
13
444
32
24
0
13
0
0
0
0
192
0
0
0
0
0
964
3
16
0
22
0
0
0
0
336
8
0
1
14
0
0
19
96
0
96
0
2536
0
0
0
8
0
0
3
0
0
0
26
0
136
2
0
0
0
2745
7
248
120
0
0
0
0
0
0
0
581
0
0
0
91
0
0
958
0
0
20
0
0
0
478
0
282
79
0
1
0
2
65
0
0
0
0
0
0
426
0
1
0
0
0
0
0
0
0
0
0
0
339
0
1
0
46
12
1
0
0
0
1
0
0
94
2
6
0
0
0
0
0
0
0
0
2
29
0
1
0
0
0
23
1
0
0
2
92
10
0
0
915
1
51
0
0
0
0
0
1
1475
2
0
0
0
0
833
4
0
0
1
3
690
0
15
81
0
0
0
0
0
0
589
0
124
0
8
0
0
0
37
40
2404
0
0
0
0
0
0
5
0
0
0
295
0
13
0
0
0
0
0
12
1
2
0
4
263
0
0
11
0
0
0
82
0
36
0
0
0
0
0
24
0
0
1270
95
0
0
1
0
0
24
0
0
3
10
2
0
4
790
0
0
2
0
1
0
0
0
0
1
4
0
83
0
0
5
3
3
1
0
0
0
0
0
0
0
0
6
0
0
2
0
146
37
0
0
40
0
0
0
1
0
0
0
0
0
0
3
0
498
1
0
34
0
7
0
1
0
0
141
0
2
0
0
1
0
24
2
0
0
0
0
0
0
757
8
0
0
17
190
0
1
74
0
13
5
0
0
0
0
0
0
38
0
224
0
0
494
0
0
0
0
129
0
0
0
57
0
2
9
46
0
733
0
0
0
0
0
216
0
0
0
3
10
22
0
9
0
75
0
34
2
570
0
38
10
124
0
0
0
0
0
0
1
1
0
30
2
371
154
0
0
16
1
127
1
1994
0
0
0
25
0
0
0
2
0
424
5
0
0
156
723
0
0
0
0
0
0
0
0
0
95
0
24
0
0
8
0
1
0
0
1
0
1
0
40
0
2
21
54
0
10
0
0
2
0
0
197
0
0
0
0
0
686
0
0
0
0
700
0
0
0
0
0
2
0
134
30
0
4
0
8
0
32
0
2170
0
129
13
0
0
1
21
6
6
0
693
4
611
0
0
0
0
0
11
0
0
1
1571
33
0
6
1
234
0
0
1
0
83
0
0
52
19
0
0
0
0
5
28
0
0
0
227
0
118
9
0
5
1
1
0
15
4
401
0
6
0
0
13
0
0
48
0
0
0
0
0
224
0
0
0
0
0
250
0
61
10
0
0
0
4
2
593
0
0
0
0
398
0
0
56
0
0
0
138
19
25
0
1
0
13
0
0
121
0
1
10
0
98
57
0
0
6
0
50
17
11
0
0
21
0
0
0
0
0
246
224
0
0
0
0
0
5
9
3
0
710
0
0
0
1973
3
265
0
0
0
721
139
0
0
28
24
0
0
0
0
0
12
271
0
0
0
70
44
5
0
0
16
56
0
0
0
0
0
2
0
842
99
0
0
0
0
0
46
0
1
41
0
0
0
0
0
0
2
0
374
0
5
0
0
0
0
0
0
0
8
0
12
0
0
0
0
2148
0
1101
0
0
0
0
9
0
0
0
7
0
8
0
0
83
6
7
9
226
0
24
0
0
101
0
0
0
0
0
119
0
0
30
0
0
0
0
0
0
1425
0
0
29
0
452
0
0
0
0
34
0
13
0
0
57
0
0
0
300
0
0
179
0
259
14
2
0
38
1
0
0
0
0
5
0
0
0
8
1
10
1
0
0
0
0
0
0
9
155
0
2
18
0
62
0
0
0
0
0
0
0
0
0
0
7
15
0
0
0
182
0
574
0
60
1
509
0
102
1
61
1
1109
0
0
0
9
0
10
27
0
0
27
7
5
67
0
1
310
1
0
0
0
0
0
18
0
0
0
0
0
75
24
0
1
5
213
81
0
0
0
99
0
0
0
0
0
0
0
0
4
1
84
0
0
0
75
0
0
1
0
1
0
0
0
0
0
0
475
0
0
0
0
3
1
0
0
0
0
0
0
0
10
0
0
5
0
0
0
0
1954
0
50
77
0
0
241
0
0
0
0
0
147
4
27
0
496
229
193
0
0
0
0
1584
0
0
0
0
371
13
3
0
2
0
73
0
0
0
2
0
3
0
0
0
3
0
0
8
0
0
0
0
0
0
0
0
12
0
0
515
0
0
0
0
0
1
0
1
0
0
530
224
0
8
9
23
0
24
9
17
0
0
0
0
11
0
2
0
0
0
1
371
0
1
0
0
0
0
0
0
7
0
1
0
0
0
0
0
21
0
0
0
0
9
0
6
59
8
0
526
0
0
0
4
0
4
0
0
1
0
0
0
0
143
0
3
17
0
403
0
0
44
3
3
0
694
0
0
5
0
12
20
0
0
155
0
0
0
0
0
5
8
0
0
69
0
0
0
3
0
0
4
0
0
25
0
99
194
0
862
0
0
82
2
0
3
11
4
68
0
0
739
0
0
105
0
1
0
3
0
0
7
3
0
0
3
0
0
40
0
0
0
0
0
6
0
88
0
0
0
0
2090
24
0
0
0
0
5
0
0
0
2
0
2
2
0
0
1
285
11
0
79
0
0
98
169
20
0
0
0
0
0
3
0
19
0
0
21
0
0
2
0
0
0
0
49
2
2
1
40
0
0
16
0
17
0
0
0
0
1
0
1850
0
0
0
0
0
75
0
0
0
0
0
0
3
3
122
0
223
33
0
0
19
0
0
12
0
200
5
0
0
0
55
0
8
0
0
0
0
0
935
43
6
109
1
0
14
9
2225
0
18
0
1
0
0
0
0
0
0
2
0
101
0
0
92
0
0
0
0
0
0
3
53
0
0
0
5
476
0
0
8
0
4
410
0
0
1
169
17
0
0
0
161
0
525
2
3
0
1
258
0
2
0
0
5
0
8
4
2
0
439
0
0
0
0
8
0
61
0
153
0
19
0
39
0
90
124
102
0
3
0
0
0
0
1
20
0
0
5
0
0
642
509
0
0
56
0
0
32
0
21
0
0
0
81
49
0
0
0
0
11
12
0
0
0
0
0
0
224
615
0
0
0
0
0
0
1253
0
0
0
0
22
0
0
5
539
0
0
2
0
0
4
0
0
0
0
0
25
0
0
0
10
0
7
459
0
38
0
0
0
0
0
4
0
0
0
0
0
1648
0
0
132
858
0
1028
0
0
5
12
1859
0
61
316
0
0
336
428
0
92
0
201
0
7
0
0
0
0
112
0
6
0
0
51
84
5
3
0
0
0
10
0
0
0
0
0
0
1001
0
0
1522
0
371
50
15
0
0
3
4
1
1
10
0
0
4
378
0
0
0
0
0
81
0
32
0
141
0
80
0
0
1
0
32
0
6
58
35
0
0
0
0
0
0
0
0
0
9
15
2
0
0
0
2
47
0
37
238
16
0
0
1
0
0
0
0
292
0
0
0
0
0
0
0
0
3
6
5
0
2
1
0
0
0
167
0
0
654
1
1
0
0
345
0
0
8
14
0
0
69
65
1
0
0
0
0
0
0
0
8
0
0
0
0
33
0
0
19
0
0
0
522
0
0
0
851
0
0
14
163
0
0
16
0
56
0
0
0
0
27
0
722
100
93
0
269
0
0
107
0
0
0
1
0
43
0
0
0
0
0
3
0
0
1
0
0
0
0
5
0
0
13
0
132
0
980
39
2286
0
0
0
0
0
9
0
0
148
0
939
0
31
43
1
2
137
0
0
0
6
0
0
0
43
0
0
0
448
0
0
0
0
455
0
0
0
1
12
5
0
2
11
0
18
0
0
0
23
0
0
0
0
24
16
1
0
1
321
124
1
0
161
7
123
0
0
0
73
2
0
0
90
32
0
9
0
172
1
0
5
0
20
0
0
4
4
4
0
106
1
41
0
26
1
5
0
0
0
0
0
0
0
0
0
4
625
0
46
0
0
0
0
0
104
5
809
0
0
0
29
61
87
0
1
2
0
1
529
41
0
167
0
0
0
0
0
0
0
0
0
579
7
21
0
1
4
0
2143
948
0
38
14
0
94
750
0
0
0
2
0
0
0
0
159
10
0
1
26
77
0
7
570
277
0
0
136
0
0
0
1
0
0
144
54
8
0
8
0
0
0
0
0
0
96
0
0
0
13
0
0
160
0
33
0
0
0
4
9
0
0
28
0
0
0
0
2502
0
0
3
0
0
4
0
0
0
26
0
0
0
3
51
1
0
0
0
0
0
63
0
0
0
9
0
460
0
1
0
0
3
617
47
0
373
19
73
0
0
0
0
0
89
396
0
0
0
1
0
219
2
0
0
43
5
1
23
2
0
0
0
6
0
0
0
487
15
0
0
1
0
0
0
0
2
0
0
0
0
0
1791
0
45
1
0
0
1
0
0
0
0
0
151
0
14
0
13
7
2
0
0
146
19
0
0
0
0
0
0
20
841
130
167
0
0
0
13
66
0
0
0
1
0
0
3
0
1
0
23
0
0
829
23
0
44
0
14
0
210
3
0
399
0
0
0
496
0
0
0
270
0
1
0
2
0
0
11
0
56
2
0
0
6
0
0
2
0
0
0
0
719
0
0
17
0
1
51
0
0
0
0
0
50
3
0
0
1
0
0
0
0
0
0
568
0
1
0
0
51
0
0
0
1
6
1
5
0
0
0
39
0
0
12
0
0
0
0
4
0
0
2
0
0
193
0
8
1
1
9
0
5
0
0
80
0
1
0
0
0
27
0
0
0
0
22
587
0
0
16
0
0
7
1
1
0
0
0
0
1
0
140
0
0
0
0
0
0
0
0
3
55
1
15
17
0
0
1157
0
47
290
0
1
32
5
0
0
61
0
0
0
0
0
0
0
18
78
0
0
0
15
0
0
0
0
0
0
136
0
0
0
0
477
9
185
0
0
274
23
0
0
0
0
14
1
0
0
356
0
96
1
0
0
0
0
566
0
72
0
1
28
21
0
0
0
0
192
0
0
0
1
1
10
0
85
0
2
19
0
2
243
1
49
0
12
217
789
0
0
0
2
0
0
0
0
43
0
1
0
0
0
0
0
0
0
0
1
0
1
7
0
0
0
0
0
55
56
0
2
0
0
0
1
4
7
3
0
183
0
0
0
0
31
0
14
0
0
1
0
17
0
0
18
0
149
7
4
4
0
0
0
1317
13
0
0
4
1
0
0
0
12
0
208
295
3
27
0
60
122
0
0
102
0
0
1227
0
0
0
0
0
1
0
0
0
0
0
15
2
0
0
14
0
0
0
0
0
1
1596
0
0
57
0
0
0
0
0
0
0
0
0
4
26
0
0
0
0
0
0
0
0
0
2
0
57
0
0
5
0
0
0
4
88
0
985
93
0
0
0
0
0
0
143
0
0
0
0
0
2
0
1
0
0
0
0
0
37
0
0
1
0
8
0
545
6
0
0
0
0
0
0
4
314
2202
254
98
0
0
25
0
0
0
0
0
10
2
0
0
0
1390
0
939
2
0
0
0
0
4
0
0
0
0
0
0
0
0
5
0
0
0
0
65
1
65
0
0
0
0
0
0
0
18
0
1
0
0
279
178
1592
40
0
0
0
0
0
0
0
0
23
0
2247
0
4
0
10
1
0
9
4
0
6
40
0
11
43
0
0
0
0
0
1136
3
0
25
0
0
6
0
369
130
0
0
0
110
0
47
0
0
0
0
0
2
36
0
2
0
0
0
159
0
1
0
0
0
0
2
1
0
33
0
0
0
0
2
0
111
263
0
397
0
417
7
0
0
39
0
1
0
1
344
0
0
0
0
275
0
0
668
871
0
0
1
1
83
0
0
1
12
0
4
220
0
60
0
3
2462
195
0
34
2
5
45
5
0
0
48
5
0
0
0
0
0
0
0
0
0
0
0
0
0
0
17
0
7
2
0
0
91
3
35
0
0
704
0
0
6
334
0
10
0
437
0
0
0
0
0
0
2
19
2
0
40
0
0
21
5
0
0
0
4
38
0
0
0
0
1424
0
362
227
5
0
0
0
0
0
0
1405
14
0
295
1
0
39
0
101
0
1
155
32
0
0
0
0
6
90
0
0
0
0
0
81
0
0
138
1
0
246
1
0
4
0
0
21
70
0
5
143
0
0
0
0
13
77
0
0
0
0
0
0
0
0
0
0
0
6
0
0
0
1
0
0
6
360
0
0
596
4
0
0
0
0
0
0
14
0
580
0
0
102
0
0
50
0
0
129
16
699
6
14
0
0
0
0
234
0
0
0
163
0
0
21
0
0
61
157
9
0
1
0
0
6
0
0
0
0
0
0
0
4
0
16
0
0
25
898
155
295
1
0
0
0
680
1
75
0
0
50
0
0
0
1
0
0
0
0
430
7
0
55
946
2
30
405
0
4
0
0
0
0
32
0
3
98
0
0
0
0
0
0
84
0
5
141
0
0
115
2
0
6
0
0
0
0
0
0
0
0
162
174
0
0
252
0
0
0
0
0
6
561
0
0
0
0
0
0
0
0
0
0
0
29
0
0
0
0
0
0
0
0
49
0
1870
0
0
0
0
332
0
0
160
198
0
0
1
9
0
0
43
5
0
1
13
4
0
0
0
1077
805
0
0
12
0
9
0
0
32
0
0
0
0
0
0
36
16
0
0
0
0
9
2
3
32
950
3
0
0
0
0
37
0
227
379
4
0
0
121
7
5
0
3
24
0
0
0
13
0
0
0
1207
0
0
6
0
25
84
31
0
0
32
0
0
38
236
1
31
59
1
9
0
0
0
10
0
0
96
0
11
0
28
62
0
0
0
0
3
0
357
19
0
121
0
625
0
0
0
296
22
0
0
332
40
0
0
68
13
0
0
0
0
1
0
0
0
1
13
38
0
0
0
282
0
0
0
0
4
0
0
38
0
0
0
0
840
0
0
21
13
343
0
0
1
0
1
2
0
0
3287
0
4
0
0
267
0
0
393
0
1387
0
11
1
0
0
0
0
0
59
0
0
0
0
0
0
67
5
0
0
560
0
1
20
0
0
0
6
0
10
0
0
0
14
0
0
4
0
0
0
1
2
0
0
0
839
56
0
0
0
0
0
0
0
0
1
1
0
1
34
0
0
41
1
0
0
0
344
0
0
0
94
0
0
1
0
0
0
0
1
0
22
491
0
0
0
0
0
0
0
0
0
0
425
0
92
0
0
0
129
0
19
0
0
0
0
2
0
0
0
0
0
0
6
6
0
1
0
0
0
2
2
42
0
0
32
0
54
0
0
0
0
0
38
2
0
0
0
0
15
0
0
12
506
0
0
21
0
0
0
7
0
0
0
0
0
0
0
92
0
0
2
0
0
0
359
0
0
8
35
0
0
0
0
116
4
151
0
0
0
0
380
0
12
0
0
0
0
0
8
0
0
0
0
0
3
0
532
4
595
1
9
19
3
56
0
0
416
0
0
0
129
0
0
0
0
54
0
1
0
365
0
0
0
0
178
3
75
0
0
0
0
0
5
0
0
0
34
0
0
0
12
0
0
0
3
55
0
0
41
0
0
0
10
0
0
0
0
0
2005
0
0
0
4
0
0
0
3
0
76
0
0
10
0
631
14
15
0
3
0
170
56
240
0
0
0
261
0
0
4
0
0
0
0
26
1
0
1
1
0
30
0
544
0
90
6
0
68
0
0
0
0
9
7
0
0
0
0
0
25
11
0
12
0
19
241
0
0
0
0
1
26
1
0
0
0
0
3
0
0
0
0
0
1
1
0
1
92
0
0
0
20
0
6
0
0
916
0
0
42
1
0
3
1116
0
95
1983
0
0
0
0
0
51
0
0
1
1
0
0
0
0
0
16
0
1
0
0
2
12
0
1
0
0
0
0
1
0
0
123
0
0
0
38
0
0
0
0
1
187
0
0
0
0
0
0
0
0
0
0
0
4
0
29
0
0
0
0
0
0
0
155
0
57
0
0
850
0
0
242
0
0
36
0
3
11
2525
0
0
0
0
0
8
37
2110
0
324
0
0
0
139
16
13
327
308
0
0
1624
184
0
0
0
93
0
5
0
0
9
76
0
594
10
0
0
0
0
9
1
1
168
0
0
34
1
0
2
41
0
198
204
1
0
2
0
161
0
0
0
87
0
0
0
13
0
0
0
0
0
188
6
0
9
0
0
0
0
7
0
0
0
3
0
187
39
0
11
15
160
0
0
29
70
7
0
0
0
32
0
0
13
0
0
0
32
0
1
0
0
169
1
0
0
4
9
0
0
6
0
0
0
9
0
3
1
1
0
8
95
0
0
1
0
0
0
1
0
3
0
0
0
300
4
0
0
0
0
12
0
0
9
623
0
261
3
0
2
0
0
1
1
0
17
104
348
425
1
22
35
126
0
0
0
2
0
0
0
0
53
0
0
0
0
0
2541
0
0
0
221
10
0
0
1
0
0
0
14
55
0
0
0
0
0
0
16
5
0
4
0
685
215
0
0
18
222
96
1
0
1
0
1
3
0
39
0
0
68
0
4
0
18
6
0
0
0
0
0
0
0
0
78
1
0
0
0
0
0
179
0
0
0
0
1
0
1
0
0
0
0
2
0
3
0
8
0
12
0
0
0
0
0
25
0
0
3
0
0
0
185
81
0
0
2
0
0
0
0
73
161
45
0
28
0
0
42
7
53
0
0
0
0
0
0
0
0
122
0
0
106
0
2
0
1595
9
0
500
0
3
0
0
106
25
0
0
0
0
1014
0
1
0
0
0
1
9
791
1
118
0
305
325
346
0
0
0
2
0
0
0
0
0
6
0
0
0
0
116
0
0
0
203
51
0
0
0
0
0
45
2
0
1
0
0
0
203
0
8
0
0
0
0
0
0
2
190
0
0
0
17
1
0
33
0
0
0
52
0
45
0
0
156
812
0
0
6
0
0
0
1
1
39
120
0
0
0
0
0
0
1
0
20
0
0
0
0
0
0
0
0
0
937
0
211
0
13
0
1
0
2
240
1
0
0
0
0
1
0
0
0
0
0
0
0
0
0
6
0
0
112
2
22
0
1026
0
0
13
0
1
741
0
0
1
2
38
0
0
0
0
0
0
0
7
0
0
2
0
0
7
0
0
140
0
0
0
0
141
863
1820
0
1
0
0
0
400
0
9
0
86
1
0
132
97
0
833
0
89
0
141
0
0
0
0
6
0
26
0
0
0
0
0
14
0
0
4
0
502
0
6
4
0
0
0
3
0
9
1
1
1
0
1
0
37
0
2
0
102
5
0
0
0
55
0
0
313
0
16
0
8
8
0
182
195
34
0
0
0
736
0
0
0
0
0
0
0
0
0
0
0
0
29
8
0
1
23
0
0
0
0
33
0
134
0
0
15
0
0
0
85
0
0
0
0
0
0
0
0
4
1
87
0
0
5
0
0
0
0
0
0
0
0
0
0
148
0
0
0
13
0
0
0
0
0
824
0
1643
22
0
0
0
0
0
3
0
2
0
0
31
0
0
8
110
0
0
0
0
59
0
0
0
0
0
0
0
37
0
0
0
0
0
0
32
0
0
965
9
0
0
0
0
0
0
16
0
121
41
0
0
50
0
0
7
0
0
0
0
0
0
0
0
0
22
0
0
5
0
7
0
0
193
0
1
26
0
0
2
0
6
0
0
0
0
3
0
0
277
0
652
0
0
0
0
0
57
14
0
0
0
37
0
1
0
120
5
0
0
0
0
0
5
0
0
0
601
0
0
0
8
23
2
1
0
0
63
0
0
208
8
889
0
0
0
0
3
22
0
0
0
0
1
0
273
12
470
0
1019
41
0
12
0
2
165
6
0
0
8
0
1
158
0
0
0
0
0
40
144
0
0
0
0
0
103
39
0
6
135
4
1
0
0
17
871
0
0
39
0
0
6
0
0
336
14
0
0
4
0
0
0
0
58
0
10
0
0
697
0
152
0
0
0
0
0
0
39
91
6
0
14
0
0
0
0
2
0
0
0
59
23
0
0
499
0
0
0
0
777
0
40
0
474
370
0
0
0
0
0
0
0
2
70
0
0
0
559
0
0
9
0
152
2
1
8
0
13
0
4
4
0
0
0
0
1
0
2
4
0
78
165
18
1605
79
0
37
0
244
2
1872
992
0
0
0
637
0
3
73
1
0
0
0
0
0
160
0
0
93
0
133
0
78
0
5
8
0
185
120
0
0
1
81
0
1
78
0
15
1
0
5
0
0
0
0
0
0
39
5
91
2
1589
730
0
0
0
9
0
1
0
10
30
0
